1.05
1.02
0.99
0.94
0.93
0.92
0.91
0.90
0.90
0.92
0.98
1.03
1.01
0.97
0.92
0.87
0.85
0.86
0.87
0.92
0.94
0.98
1.01
1.02
0.99
0.97
0.96
0.94
0.89
0.87
0.84
0.84
0.84
0.85
0.87
0.87
0.93
0.97
0.94
0.92
0.93
0.95
0.92
0.88
0.91
0.93
0.93
0.93
0.94
0.94
0.96
0.98
0.99
0.99
1.01
1.02
0.97
0.94
0.98
1.04
1.02
1.00
1.02
1.04
1.06
1.08
1.07
1.06
1.07
1.08
1.12
1.15
1.13
1.11
1.13
1.15
1.14
1.13
1.12
1.10
1.11
1.11
1.10
1.09
1.07
1.06
1.09
1.11
1.12
1.11
1.10
1.10
1.10
1.11
1.12
1.11
1.09
1.06
1.05
1.05
1.04
1.04
1.03
1.02
1.04
1.06
1.05
1.03
1.00
0.98
1.00
1.03
1.05
1.07
1.09
1.10
1.10
1.10
1.07
0.99
0.89
0.81
0.77
0.75
0.73
0.72
0.73
0.75
0.72
0.72
0.77
0.81
0.82
0.83
0.85
0.87
0.91
0.95
1.00
1.03
1.05
1.07
1.10
1.11
1.18
1.25
1.26
1.27
1.27
1.27
1.24
1.20
1.16
1.13
1.14
1.16
1.16
1.17
1.16
1.18
1.18
1.15
1.12
1.11
1.12
1.13
1.11
1.09
1.09
1.10
1.11
1.09
1.05
1.00
1.00
1.02
1.02
1.01
0.97
0.94
0.95
0.96
0.98
0.97
0.96
0.96
0.94
0.93
0.97
1.00
0.99
0.97
0.94
0.92
0.93
0.94
0.98
1.01
0.97
0.93
0.93
0.94
0.97
1.00
1.00
0.99
1.00
1.02
1.01
1.00
0.98
0.98
0.99
0.99
0.95
1.04
1.04
1.09
1.02
0.98
0.96
0.95
0.95
0.94
0.95
0.95
0.97
0.98
0.98
1.01
1.06
1.07
1.06
1.13
1.11
1.08
1.05
1.05
1.05
1.04
0.98
0.95
0.93
0.90
0.87
0.88
0.93
0.98
0.94
0.88
0.86
0.89
0.83
0.78
0.81
0.86
0.92
0.97
0.96
0.91
0.90
0.88
0.87
0.88
0.86
0.83
0.83
0.83
0.84
0.86
0.85
0.84
0.82
0.81
0.82
0.86
0.90
0.94
1.02
1.09
1.07
1.05
1.07
1.08
1.13
1.15
1.14
1.13
1.12
1.12
1.10
1.09
1.11
1.13
1.13
1.13
1.13
1.13
1.12
1.10
1.09
1.09
1.11
1.12
1.13
1.14
1.15
1.16
1.14
1.12
1.13
1.13
1.13
1.13
1.14
1.14
1.15
1.16
1.18
1.20
1.21
1.21
1.21
1.22
1.20
1.19
1.19
1.19
1.20
1.20
1.21
1.21
1.19
1.16
1.11
1.07
1.05
1.03
1.03
1.03
1.02
1.02
1.01
1.01
1.03
1.04
1.01
0.98
0.96
0.94
0.93
0.92
0.90
0.89
0.86
0.85
0.83
0.82
0.86
0.89
0.84
0.80
0.79
0.78
0.82
0.85
0.87
0.89
0.91
0.93
0.98
1.03
1.03
1.03
1.01
0.99
0.92
0.86
0.83
0.81
0.81
0.79
0.72
0.67
0.70
0.72
0.71
0.72
0.75
0.78
0.87
0.94
0.90
0.83
0.77
0.78
0.78
0.79
0.86
0.93
0.99
1.03
1.04
1.04
1.06
1.07
1.10
1.13
1.11
1.09
1.14
1.20
1.21
1.21
1.23
1.23
1.21
1.20
1.22
1.24
1.23
1.13
1.20
1.21
1.20
1.13
1.05
1.04
1.01
0.99
1.02
1.06
1.06
1.05
1.09
1.12
1.11
1.10
1.10
1.11
1.11
1.11
1.13
1.14
1.12
1.11
1.09
1.08
1.08
1.09
1.08
1.07
1.06
1.06
1.07
1.07
1.09
1.11
1.10
1.08
1.08
1.09
1.08
1.06
1.04
1.03
1.07
1.11
1.11
1.10
1.08
1.07
1.05
1.05
1.04
1.04
1.03
1.03
1.06
1.08
1.09
1.10
1.10
1.10
1.11
1.11
1.05
1.01
1.00
1.02
1.05
1.06
1.08
1.09
1.11
1.12
1.10
1.09
1.09
1.10
1.11
1.13
1.16
1.18
1.17
1.16
1.16
1.17
1.18
1.18
1.18
1.18
1.19
1.21
1.20
1.20
1.21
1.21
1.21
1.21
1.22
1.22
1.22
1.22
1.22
1.22
1.22
1.22
1.22
1.21
1.21
1.21
1.21
1.21
1.21
1.21
1.21
1.21
1.21
1.21
1.20
1.16
1.14
1.13
1.12
1.11
1.11
1.11
1.10
1.11
1.13
1.15
1.15
1.15
1.16
1.16
1.15
1.14
1.11
1.08
1.06
1.05
1.05
1.05
1.03
1.01
1.02
1.02
1.01
1.01
1.00
1.00
1.01
1.02
1.02
1.03
1.04
1.03
1.04
1.03
1.02
1.01
0.98
0.96
0.98
1.01
1.03
1.04
1.06
1.07
1.04
1.01
1.02
1.04
1.03
1.01
1.01
1.01
1.00
0.98
0.95
0.93
0.91
0.90
0.91
0.91
0.91
0.91
0.91
0.90
0.89
0.88
0.88
0.89
0.91
0.92
0.92
0.92
0.92
0.93
0.97
1.00
0.97
0.94
0.97
1.02
1.03
1.04
1.04
1.07
1.05
0.95
0.80
0.67
0.60
0.60
0.57
0.55
0.60
0.61
0.56
0.50
0.42
0.38
0.33
0.27
0.19
0.22
0.43
0.62
0.60
0.52
0.59
0.64
0.76
0.91
1.02
1.09
1.07
1.03
0.95
0.90
0.89
0.91
1.01
1.00
0.37
0.73
0.50
0.51
0.52
0.55
0.63
0.76
0.87
0.93
0.94
0.94
1.02
1.08
1.09
1.09
1.04
1.01
1.01
1.02
1.08
1.12
1.14
1.15
1.12
1.11
1.13
1.14
1.13
1.11
1.10
1.10
1.10
1.11
1.11
1.11
1.07
1.03
1.00
0.99
1.00
1.01
1.01
1.02
1.04
1.05
1.05
1.06
1.03
0.99
0.98
0.98
0.96
0.95
0.95
0.95
0.98
1.02
1.01
0.98
0.99
1.02
1.04
1.06
1.04
1.00
1.01
1.05
1.12
1.16
1.10
1.03
1.02
1.02
1.03
1.03
1.04
1.04
1.02
1.00
1.01
1.03
1.02
1.01
0.98
0.94
0.94
0.95
0.92
0.89
0.89
0.89
0.86
0.84
0.88
0.92
0.90
0.88
0.89
0.88
0.86
0.86
0.88
0.91
0.89
0.86
0.90
0.95
0.94
0.94
0.95
0.96
1.00
1.03
1.04
1.03
1.03
1.04
1.03
1.03
1.02
1.01
0.99
0.97
0.98
0.99
0.96
0.95
0.99
1.02
0.99
0.97
0.94
0.90
0.94
0.98
0.99
0.96
0.95
0.95
0.94
0.95
1.01
1.08
1.16
1.21
1.21
1.20
1.20
1.20
1.20
1.21
1.20
1.20
1.20
1.20
1.21
1.23
1.24
1.24
1.25
1.23
1.22
1.22
1.22
1.22
1.22
1.22
1.22
1.21
1.21
1.21
1.21
1.21
1.21
1.21
1.21
1.21
1.21
1.21
1.21
1.21
1.21
1.21
1.21
1.21
1.18
1.39
1.15
1.15
1.16
1.16
1.17
1.18
1.18
1.18
1.18
1.18
1.11
1.10
1.15
1.15
1.18
1.21
1.21
1.20
1.17
1.11
0.99
0.93
0.89
0.85
0.83
0.86
0.91
0.91
0.83
0.89
0.95
1.00
1.07
1.11
1.11
1.10
1.10
1.12
1.12
1.13
1.13
1.14
1.16
1.17
1.19
1.21
1.24
1.26
1.25
1.22
1.20
1.19
1.20
1.21
1.17
1.10
1.18
1.17
1.13
1.11
1.10
1.10
1.11
1.11
1.11
1.13
1.16
1.19
1.20
1.20
1.21
1.21
1.19
1.18
1.15
1.13
1.11
1.10
1.12
1.14
1.15
1.14
1.12
1.11
1.12
1.12
1.12
1.11
1.10
1.10
1.10
1.11
1.13
1.13
1.12
1.11
1.11
1.11
1.11
1.11
1.10
1.12
1.15
1.17
1.17
1.17
1.16
1.16
1.15
1.15
1.15
1.16
1.16
1.17
1.20
1.24
1.26
1.06
0.86
0.90
0.93
0.99
1.06
1.10
1.12
1.14
1.15
1.16
1.17
1.20
1.24
1.23
0.55
0.67
0.81
0.99
1.07
1.01
1.17
1.21
1.09
0.68
0.80
0.70
0.80
0.84
