0.23
0.51
0.65
0.73
0.76
0.75
0.74
0.73
0.73
0.74
0.74
0.74
0.74
0.72
0.71
0.69
0.68
0.70
0.71
0.71
0.71
0.69
0.64
0.62
0.62
0.63
0.66
0.67
0.68
0.72
0.73
0.70
0.68
0.66
0.65
0.68
0.69
0.67
0.65
0.68
0.70
0.70
0.70
0.69
0.69
0.71
0.72
0.69
0.70
0.71
0.72
0.71
0.71
0.73
0.73
0.74
0.74
0.73
0.73
0.73
0.73
0.71
0.71
0.71
0.71
0.73
0.73
0.73
0.72
0.71
0.70
0.72
0.73
0.74
0.74
0.73
0.73
0.74
0.75
0.73
0.72
0.70
0.70
0.71
0.72
0.70
0.69
0.71
0.72
0.72
0.72
0.73
0.73
0.75
0.75
0.73
0.72
0.72
0.72
0.73
0.74
0.73
0.72
0.70
0.69
0.69
0.70
0.73
0.75
0.73
0.73
0.72
0.73
0.74
0.74
0.72
0.71
0.69
0.69
0.72
0.74
0.73
0.71
0.69
0.68
0.67
0.68
0.70
0.71
0.71
0.71
0.71
0.71
0.71
0.71
0.72
0.73
0.71
0.70
0.70
0.71
0.72
0.73
0.76
0.78
0.76
0.75
0.73
0.72
0.73
0.74
0.73
0.72
0.72
0.71
0.70
0.70
0.70
0.70
0.71
0.71
0.71
0.70
0.68
0.67
0.70
0.71
0.73
0.73
0.72
0.71
0.71
0.71
0.71
0.70
0.69
0.68
0.67
0.66
0.64
0.63
0.63
0.65
0.66
0.62
0.18
0.44
0.32
0.37
0.55
0.46
0.18
0.30
0.40
0.21
0.33
0.23
0.35
0.44
0.53
0.55
0.51
0.49
0.45
0.44
0.44
0.45
0.56
0.66
0.66
0.66
0.72
0.76
0.79
0.79
0.78
0.61
0.80
0.82
0.83
0.83
0.17
0.80
0.77
0.75
0.74
0.15
0.74
0.74
0.75
0.77
0.76
0.74
0.75
0.74
0.75
0.76
0.75
0.76
0.76
0.76
0.77
0.77
0.75
0.66
0.66
0.71
0.72
0.72
0.72
0.73
0.73
0.73
0.74
0.74
0.74
0.74
0.75
0.73
0.70
0.68
0.69
0.65
0.64
0.65
0.64
0.65
0.66
0.67
0.68
0.68
0.67
0.66
0.66
0.65
0.62
0.61
0.61
0.61
0.63
0.64
0.63
0.62
0.59
0.59
0.58
0.57
0.60
0.62
0.62
0.62
0.62
0.62
0.66
0.68
0.67
0.66
0.63
0.63
0.66
0.67
0.67
0.66
0.64
0.63
0.60
0.58
0.60
0.62
0.60
0.60
0.62
0.64
0.64
0.64
0.62
0.60
0.60
0.59
0.58
0.58
0.55
0.53
0.56
0.58
0.55
0.52
0.51
0.51
0.53
0.54
0.52
0.51
0.52
0.53
0.48
0.47
0.50
0.56
0.60
0.24
0.61
0.63
0.65
0.62
0.60
0.62
0.62
0.62
0.63
0.64
0.63
0.65
0.66
0.66
0.67
0.68
0.70
0.72
0.72
0.71
0.70
0.69
0.71
0.72
0.72
0.70
0.69
0.68
0.69
0.70
0.70
0.70
0.70
0.70
0.73
0.75
0.73
0.72
0.71
0.71
0.73
0.74
0.73
0.73
0.75
0.76
0.75
0.73
0.69
0.65
0.64
0.64
0.60
0.59
0.59
0.61
0.65
0.68
0.70
0.71
0.70
0.68
0.66
0.65
0.69
0.71
0.71
0.69
0.69
0.68
0.69
0.70
0.68
0.66
0.64
0.63
0.66
0.68
0.69
0.70
0.71
0.72
0.69
0.66
0.70
0.72
0.70
0.67
0.68
0.68
0.65
0.63
0.61
0.59
0.59
0.59
0.60
0.61
0.58
0.57
0.61
0.64
0.62
0.61
0.61
0.63
0.67
0.70
0.69
0.68
0.69
0.69
0.65
0.62
0.63
0.64
0.65
0.65
0.69
0.71
0.68
0.67
0.71
0.73
0.71
0.70
0.70
0.70
0.71
0.71
0.72
0.72
0.72
0.72
0.70
0.70
0.68
0.67
0.68
0.70
0.69
0.71
0.77
0.82
0.80
0.77
0.75
0.71
0.66
0.63
0.64
0.64
0.63
0.62
0.64
0.66
0.70
0.72
0.71
0.68
0.66
0.65
0.64
0.65
0.66
0.68
0.67
0.67
0.66
0.63
0.63
0.63
0.64
0.64
0.60
0.58
0.62
0.66
0.64
0.62
0.63
0.63
0.68
0.70
0.65
0.61
0.64
0.62
0.63
0.64
0.70
0.75
0.66
0.63
0.61
0.61
0.60
0.59
0.59
0.59
0.60
0.60
0.59
0.59
0.58
0.58
0.59
0.60
0.62
0.62
0.60
0.58
0.56
0.55
0.58
0.60
0.60
0.60
0.60
0.60
0.62
0.64
0.64
0.65
0.64
0.63
0.65
0.67
0.63
0.61
0.59
0.59
0.61
0.62
0.61
0.61
0.64
0.66
0.67
0.67
0.65
0.63
0.64
0.64
0.61
0.59
0.59
0.59
0.62
0.64
0.64
0.64
0.63
0.61
0.58
0.57
0.61
0.63
0.63
0.64
0.65
0.66
0.68
0.68
0.66
0.65
0.64
0.64
0.67
0.69
0.70
0.68
0.63
0.59
0.56
0.55
0.59
0.62
0.61
0.63
0.66
0.69
0.69
0.68
0.66
0.65
0.65
0.65
0.65
0.65
0.63
0.61
0.64
0.65
0.64
0.63
0.63
0.64
0.65
0.66
0.65
0.64
0.65
0.65
0.63
0.62
0.63
0.64
0.64
0.64
0.66
0.67
0.65
0.64
0.66
0.66
0.66
0.65
0.65
0.65
0.65
0.65
0.65
0.39
0.65
0.64
0.69
0.72
0.44
0.15
0.56
0.65
0.70
0.72
0.72
0.71
0.71
0.72
0.72
0.72
0.72
0.72
0.73
0.73
0.71
0.69
0.70
0.72
0.72
0.72
0.71
0.71
0.69
0.68
0.69
0.71
0.71
0.71
0.71
0.70
0.72
0.73
0.70
0.68
0.67
0.67
0.69
0.71
0.70
0.69
0.72
0.74
0.75
0.75
0.73
0.73
0.74
0.74
0.71
0.69
0.70
0.70
0.72
0.73
0.73
0.72
0.70
0.69
0.68
0.68
0.71
0.74
0.73
0.73
0.73
0.73
0.74
0.75
0.73
0.72
0.71
0.70
0.73
0.74
0.74
0.74
0.74
0.73
0.72
0.71
0.73
0.75
0.74
0.74
0.75
0.76
0.76
0.76
0.75
0.75
0.75
0.74
0.75
0.75
0.74
0.73
0.74
0.75
0.75
0.74
0.74
0.74
0.75
0.76
0.75
0.75
0.75
0.75
0.74
0.74
0.74
0.75
0.75
0.75
0.76
0.76
0.75
0.74
0.75
0.75
0.75
0.75
0.75
0.74
0.75
0.75
0.76
0.76
0.76
0.75
0.75
0.74
0.74
0.73
0.74
0.74
0.74
0.74
0.76
0.77
0.77
0.76
0.77
0.77
0.75
0.75
0.76
0.76
0.75
0.75
0.74
0.74
0.74
0.75
0.75
0.74
0.73
0.72
0.71
0.70
0.70
0.70
0.70
0.70
0.71
0.72
0.74
0.78
0.79
0.80
0.78
0.78
0.79
0.80
0.79
0.78
0.78
0.79
0.80
0.80
0.79
0.79
0.79
0.79
0.79
0.78
0.79
0.79
0.79
0.79
0.79
0.79
0.79
0.79
0.79
0.78
0.76
0.75
0.74
0.74
0.74
0.75
0.74
0.73
0.72
0.72
0.73
0.73
0.74
0.74
0.74
0.75
0.75
0.77
0.79
0.80
0.80
0.80
0.80
0.80
0.81
0.81
0.80
0.80
0.79
0.78
0.78
0.78
0.77
0.77
0.76
0.76
0.76
0.76
0.76
0.76
0.76
0.76
0.76
0.76
0.75
0.75
0.75
0.75
0.76
0.77
0.78
0.79
0.80
0.80
0.80
0.80
0.80
0.80
0.80
0.80
0.80
0.80
0.80
0.80
0.80
0.80
0.80
0.80
0.80
0.80
0.80
0.80
0.80
0.80
0.80
0.80
0.80
0.80
0.80
0.80
0.80
0.80
0.80
0.80
0.80
0.80
0.80
0.80
0.80
0.80
0.80
0.80
0.80
0.80
0.80
0.80
0.80
0.80
0.80
0.80
0.80
0.80
0.80
0.80
0.80
0.80
0.80
0.80
0.78
0.77
0.76
0.75
0.75
0.74
0.74
0.74
0.76
0.78
0.78
0.79
0.80
0.80
0.80
0.80
0.79
0.79
0.80
0.80
0.79
0.79
0.79
0.79
0.79
