1.11
1.11
1.11
1.11
1.11
1.11
1.11
1.11
1.11
1.11
1.11
1.11
1.11
1.11
1.11
1.11
1.11
1.11
1.11
1.11
1.11
1.11
1.11
1.11
1.11
1.11
1.11
1.11
1.11
1.11
1.11
1.11
1.11
1.11
1.11
1.11
1.11
1.11
1.11
1.11
1.11
1.11
1.11
1.11
1.11
1.11
1.11
1.11
1.11
1.11
1.11
1.11
1.11
1.11
1.11
1.11
1.11
1.11
1.11
1.11
1.11
1.11
1.11
1.11
1.11
1.10
1.10
1.10
1.09
1.09
1.09
1.09
1.10
1.10
1.10
1.10
1.11
1.11
1.11
1.11
1.11
1.12
1.12
1.11
1.11
1.11
1.11
1.11
1.11
1.11
1.11
1.11
1.11
1.11
1.11
1.11
1.11
1.11
1.11
1.11
1.11
1.11
1.11
1.11
1.11
1.11
1.11
1.11
1.10
1.08
1.06
1.06
1.11
1.16
1.18
1.19
1.15
1.03
0.94
0.89
0.86
0.87
0.85
0.85
0.63
0.42
0.31
0.15
0.04
0.07
0.05
0.03
0.02
0.02
0.05
0.09
0.11
0.12
0.13
0.16
0.20
0.19
0.15
0.10
0.05
0.05
0.06
0.02
0.05
0.05
0.04
0.07
0.04
0.01
0.02
0.03
0.07
0.05
0.06
0.11
0.14
0.16
0.14
0.15
0.11
0.12
0.14
0.13
0.07
0.05
0.05
0.02
0.03
0.03
0.01
0.06
0.06
0.07
0.06
0.06
0.08
0.06
0.07
0.04
0.04
0.06
0.03
0.05
0.02
0.06
0.04
0.03
0.05
0.05
0.00
0.03
0.05
0.08
0.08
0.05
0.02
0.02
0.02
0.08
0.03
0.07
0.00
0.03
0.03
0.04
0.10
0.13
0.13
0.10
0.06
0.03
0.06
0.02
0.09
0.08
0.01
0.04
0.05
0.06
0.04
0.03
0.05
0.04
0.07
0.05
0.03
0.02
0.10
0.05
0.02
0.02
0.11
0.29
0.45
0.52
0.52
0.42
0.31
0.19
0.05
0.03
0.09
0.03
0.07
0.11
0.08
0.05
0.05
0.04
0.04
0.04
0.01
0.06
0.02
0.06
0.02
0.06
0.04
0.05
0.07
0.05
0.04
0.04
0.08
0.07
0.02
0.04
0.02
0.08
0.03
0.05
0.01
0.05
0.04
0.02
0.03
0.03
0.01
0.04
0.00
0.03
0.03
0.03
0.05
0.07
0.11
0.11
0.02
0.00
0.02
0.02
0.02
0.03
0.02
0.02
0.06
0.04
0.31
0.54
0.53
0.48
0.41
0.46
0.51
0.60
0.53
0.43
0.43
0.39
0.40
0.52
0.62
0.71
0.85
1.00
1.10
1.19
0.91
0.33
0.67
0.81
0.71
0.30
0.28
0.20
0.13
0.21
0.19
0.09
0.15
0.36
0.49
0.37
0.32
0.48
0.64
0.71
0.66
0.63
0.77
0.86
0.75
0.62
0.62
0.69
0.65
0.52
0.49
0.46
0.34
0.31
0.23
0.30
0.29
0.32
0.65
0.81
0.84
0.82
0.83
0.84
0.84
0.84
0.81
0.78
0.76
0.76
0.76
0.78
0.81
0.84
0.91
0.97
0.94
0.90
0.93
0.95
0.88
0.83
0.89
0.97
1.03
1.08
1.09
1.09
1.17
1.09
0.93
0.81
0.75
0.76
0.85
0.94
0.95
0.92
0.94
0.94
0.90
0.87
0.86
0.84
0.84
0.84
0.78
0.72
0.69
0.67
0.70
0.74
0.77
0.82
0.84
0.84
0.80
0.74
0.67
0.63
0.56
0.58
0.68
0.78
0.88
0.98
1.04
1.07
1.06
0.94
0.69
0.34
0.18
0.09
0.02
0.01
0.06
0.03
0.06
0.10
0.04
0.05
0.09
0.15
0.14
0.14
0.04
0.14
0.37
0.63
0.79
0.89
0.98
1.02
0.91
0.77
0.75
0.78
0.81
0.84
0.79
0.74
0.67
0.65
0.73
0.83
0.86
0.89
0.93
0.98
0.95
0.93
0.96
1.00
1.00
0.99
0.99
0.99
1.01
1.02
0.99
0.97
0.97
0.98
0.97
0.97
0.96
0.96
0.97
0.98
1.02
1.06
1.06
1.06
1.03
1.00
1.04
1.10
1.15
1.13
0.93
0.71
0.45
0.14
0.05
0.02
0.04
0.03
0.09
0.05
0.03
0.03
0.05
0.07
0.06
0.07
0.07
0.04
0.03
0.07
0.06
0.06
0.04
0.09
0.05
0.08
0.05
0.05
0.03
0.05
0.07
0.04
0.04
0.07
0.09
0.03
0.06
0.02
0.07
0.07
0.07
0.03
0.07
0.01
0.08
0.04
0.06
0.04
0.01
0.04
0.01
0.08
0.04
0.05
0.03
0.04
0.06
0.10
0.04
0.03
0.10
0.03
0.09
0.03
0.02
0.03
0.03
0.02
0.02
0.04
0.07
0.04
0.03
0.04
0.04
0.02
0.06
0.11
0.11
0.09
0.05
0.03
0.05
0.08
0.03
0.06
0.05
0.05
0.03
0.03
0.07
0.07
0.02
0.07
0.06
0.04
0.07
0.06
0.02
0.04
0.02
0.03
0.02
0.06
0.04
0.08
0.05
0.04
0.03
0.06
0.01
0.04
0.02
0.03
0.01
0.05
0.02
0.04
0.22
0.46
0.53
0.48
0.61
0.77
0.85
0.93
1.09
1.25
1.12
0.39
1.06
1.04
1.00
0.97
0.96
0.97
0.97
0.97
0.98
0.98
0.97
0.96
0.94
0.92
0.92
0.92
0.92
0.92
0.94
0.96
0.93
0.90
0.91
0.92
0.88
0.84
0.87
0.89
0.90
0.18
0.70
0.63
0.74
0.72
0.69
0.85
0.98
1.05
1.09
1.03
0.78
0.73
0.70
0.78
0.85
0.89
0.90
0.83
0.67
0.36
0.13
0.10
0.30
0.50
0.76
0.96
1.09
1.20
1.23
1.23
1.21
1.20
1.18
1.17
1.16
1.16
1.14
1.13
1.12
1.12
1.12
1.12
1.12
1.12
1.12
1.11
1.11
1.12
1.14
1.16
1.16
1.14
1.15
1.15
1.14
1.12
1.12
1.11
1.11
1.11
1.11
1.11
1.12
1.14
1.14
1.13
1.14
1.15
1.14
1.11
1.07
1.05
1.04
1.03
1.03
1.03
1.02
1.00
0.99
0.98
0.95
0.93
0.92
0.91
0.94
0.95
0.95
0.94
0.94
0.93
0.95
0.94
0.93
0.93
0.90
0.88
0.89
0.91
0.93
0.96
0.95
0.95
0.98
1.01
1.05
1.06
1.05
1.07
1.04
1.00
1.00
1.01
1.01
1.01
1.00
0.99
0.99
0.98
1.00
0.96
0.89
0.90
0.89
0.86
0.88
0.90
0.89
0.87
0.84
0.90
0.88
0.83
0.85
0.90
0.89
0.86
0.85
0.85
0.88
0.89
0.83
0.79
0.78
0.78
0.76
0.76
0.77
0.78
0.85
0.88
0.85
0.81
0.80
0.79
0.77
0.76
0.73
0.72
0.75
0.78
0.86
0.91
0.92
0.91
0.93
0.96
0.94
0.90
0.89
0.89
0.86
1.02
0.85
0.84
0.82
0.80
0.81
0.82
0.86
0.88
0.88
0.88
0.89
0.91
0.92
0.97
0.90
0.70
0.54
0.68
0.80
0.87
0.91
0.91
0.89
0.90
0.89
0.91
0.98
1.00
0.95
0.93
0.94
0.91
0.92
0.94
0.91
0.89
0.90
0.91
0.92
0.93
0.91
0.91
0.91
0.91
0.94
0.96
0.95
0.95
1.01
1.05
1.07
1.08
1.05
1.03
1.03
1.04
1.03
1.04
1.05
1.02
0.78
0.85
0.91
0.97
1.05
1.08
1.07
1.06
1.06
1.06
1.07
1.10
1.11
1.12
1.08
1.06
1.05
1.05
1.00
0.58
0.16
0.16
0.37
0.65
0.82
0.92
0.95
0.97
0.96
0.51
0.64
0.53
0.18
0.08
0.10
0.06
0.11
0.37
0.54
0.62
0.70
0.97
0.81
0.76
0.76
0.78
0.89
0.98
0.98
0.97
1.03
1.08
1.08
1.08
1.08
0.99
0.88
0.88
0.88
0.89
0.93
0.95
0.98
0.99
1.02
1.08
1.09
1.01
0.80
0.64
0.69
0.67
0.74
0.72
0.66
0.66
0.66
0.68
0.69
0.75
0.73
0.71
1.00
0.95
0.90
0.94
0.99
1.02
1.05
1.08
1.07
1.06
1.03
1.02
1.02
1.00
1.02
1.03
1.00
0.99
1.00
1.00
0.97
0.95
0.94
0.93
0.93
0.94
0.95
0.93
0.86
0.73
0.59
0.62
0.51
0.60
0.68
0.72
0.82
0.90
0.93
0.91
0.78
0.71
0.62
0.55
0.52
0.59
0.63
0.61
0.60
0.61
0.70
0.75
0.75
0.63
0.52
0.45
0.54
0.62
0.58
0.55
0.68
0.76
0.76
0.51
0.46
0.36
0.30
0.28
0.31
0.27
0.11
0.04
0.13
0.15
0.18
0.22
0.34
0.54
0.74
0.89
1.09
1.16
1.03
1.01
1.10
1.11
1.06
1.02
0.97
0.93
0.93
0.92
0.94
0.94
1.00
1.05
1.02
1.00
1.01
1.01
0.99
0.96
0.94
0.93
0.90
0.88
0.86
0.84
0.82
0.80
0.81
0.81
0.75
0.72
0.74
0.74
0.68
0.62
0.55
0.53
0.49
0.49
0.51
0.52
0.53
0.56
0.63
0.67
0.67
0.57
0.39
0.31
0.36
0.46
0.54
0.60
0.70
0.66
0.61
0.64
0.72
0.79
0.93
1.00
0.94
0.94
0.93
0.85
0.83
0.81
0.80
0.80
0.81
0.82
0.82
0.84
0.88
0.89
0.83
0.81
0.80
0.80
0.76
0.74
0.78
0.81
0.86
0.85
0.70
0.53
0.45
0.44
0.45
0.50
0.64
0.72
0.61
0.45
0.24
0.06
0.06
0.16
0.16
0.24
0.54
0.77
0.74
0.64
0.66
0.91
0.99
1.10
1.10
1.11
1.02
0.98
1.14
1.18
1.15
1.01
1.03
1.04
1.06
0.96
