432.06,289.13,1.5
431.96,289.13,1.5
431.85,289.15,1.5
431.71,289.21,1.5
431.57,289.33,1.5
431.43,289.49,1.5
431.30,289.69,1.5
431.18,289.90,1.5
431.08,290.13,1.5
430.99,290.39,1.5
430.92,290.64,1.5
430.86,290.90,1.5
430.80,291.16,1.5
430.73,291.41,1.5
430.69,291.66,1.5
430.65,291.91,1.5
430.58,292.14,1.5
430.48,292.37,1.5
430.40,292.61,1.5
430.33,292.85,1.5
430.27,293.10,1.5
430.21,293.35,1.5
430.15,293.59,1.5
430.10,293.84,1.5
430.03,294.08,1.5
429.97,294.32,1.5
429.89,294.55,1.5
429.82,294.78,1.5
429.74,295.01,1.5
429.67,295.23,1.5
429.60,295.46,1.5
429.55,295.69,1.5
429.50,295.92,1.5
429.42,296.15,1.5
429.32,296.38,1.5
429.23,296.63,1.5
429.14,296.87,1.5
429.06,297.10,1.5
428.98,297.34,1.5
428.90,297.57,1.5
428.83,297.81,1.5
428.76,298.04,1.5
428.68,298.27,1.5
428.61,298.50,1.5
428.53,298.73,1.5
428.45,298.96,1.5
428.37,299.18,1.5
428.29,299.41,1.5
428.21,299.63,1.5
428.13,299.86,1.5
428.06,300.08,1.5
427.98,300.31,1.5
427.91,300.53,1.5
427.84,300.76,1.5
427.77,300.99,1.5
427.71,301.22,1.5
427.63,301.44,1.5
427.56,301.66,1.5
427.49,301.88,1.5
427.42,302.11,1.5
427.36,302.33,1.5
427.31,302.56,1.5
427.26,302.78,1.5
427.20,303.00,1.5
427.15,303.22,1.5
427.11,303.45,1.5
427.06,303.67,1.5
427.02,303.90,1.5
426.98,304.13,1.5
426.94,304.35,1.5
426.89,304.59,1.5
426.85,304.83,1.5
426.80,305.08,1.5
426.74,305.33,1.5
426.68,305.57,1.5
426.61,305.81,1.5
426.54,306.05,1.5
426.47,306.28,1.5
426.40,306.52,1.5
426.33,306.75,1.5
426.27,306.99,1.5
426.24,307.22,1.5
426.19,307.46,1.5
426.11,307.70,1.5
426.02,307.95,1.5
425.94,308.20,1.5
425.88,308.44,1.5
425.82,308.69,1.5
425.76,308.94,1.5
425.71,309.18,1.5
425.66,309.42,1.5
425.60,309.65,1.5
425.53,309.88,1.5
425.47,310.11,1.5
425.41,310.33,1.5
425.35,310.56,1.5
425.29,310.77,1.5
425.24,310.99,1.5
425.19,311.21,1.5
425.15,311.43,1.5
425.11,311.65,1.5
425.07,311.88,1.5
425.03,312.11,1.5
425.00,312.34,1.5
424.98,312.58,1.5
424.98,312.81,1.5
424.97,313.06,1.5
424.92,313.30,1.5
424.86,313.54,1.5
424.80,313.79,1.5
424.75,314.04,1.5
424.71,314.29,1.5
424.66,314.54,1.5
424.61,314.78,1.5
424.56,315.03,1.5
424.51,315.27,1.5
424.45,315.51,1.5
424.40,315.75,1.5
424.35,315.99,1.5
424.30,316.22,1.5
424.25,316.46,1.5
424.20,316.70,1.5
424.15,316.94,1.5
424.10,317.17,1.5
424.04,317.41,1.5
423.99,317.64,1.5
423.93,317.87,1.5
423.88,318.11,1.5
423.82,318.34,1.5
423.77,318.57,1.5
423.71,318.81,1.5
423.66,319.04,1.5
423.61,319.28,1.5
423.56,319.51,1.5
423.51,319.75,1.5
423.46,319.99,1.5
423.41,320.23,1.5
423.36,320.47,1.5
423.31,320.71,1.5
423.26,320.95,1.5
423.22,321.20,1.5
423.19,321.45,1.5
423.20,321.65,1.5
423.36,321.76,1.5
423.47,321.94,1.5
423.51,322.15,1.5
423.49,322.38,1.5
423.46,322.61,1.5
423.41,322.84,1.5
423.36,323.08,1.5
423.33,323.31,1.5
423.44,323.39,1.5
423.62,323.48,1.5
423.73,323.65,1.5
423.78,323.80,1.5
423.89,323.80,1.5
424.01,323.87,1.5
424.09,324.04,1.5
424.12,324.25,1.5
424.12,324.50,1.5
424.09,324.75,1.5
424.04,325.00,1.5
423.98,325.26,1.5
423.93,325.52,1.5
423.88,325.78,1.5
423.80,326.03,1.5
423.70,326.29,1.5
423.62,326.54,1.5
423.56,326.79,1.5
423.51,327.04,1.5
423.46,327.29,1.5
423.40,327.53,1.5
423.33,327.76,1.5
423.26,327.98,1.5
423.18,328.19,1.5
423.10,328.41,1.5
423.01,328.63,1.5
422.92,328.84,1.5
422.83,329.06,1.5
422.73,329.27,1.5
422.64,329.50,1.5
422.54,329.72,1.5
422.43,329.95,1.5
422.33,330.19,1.5
422.22,330.43,1.5
422.12,330.67,1.5
422.01,330.90,1.5
421.90,331.13,1.5
421.79,331.36,1.5
421.69,331.59,1.5
421.58,331.82,1.5
421.47,332.04,1.5
421.37,332.27,1.5
421.26,332.50,1.5
421.14,332.73,1.5
421.03,332.96,1.5
420.91,333.19,1.5
420.80,333.42,1.5
420.69,333.65,1.5
420.58,333.87,1.5
420.47,334.10,1.5
420.36,334.33,1.5
420.26,334.55,1.5
420.15,334.78,1.5
420.04,335.01,1.5
419.95,335.24,1.5
419.86,335.46,1.5
419.77,335.69,1.5
419.69,335.91,1.5
419.60,336.13,1.5
419.51,336.35,1.5
419.43,336.57,1.5
419.35,336.79,1.5
419.26,337.01,1.5
419.16,337.23,1.5
419.06,337.45,1.5
418.96,337.67,1.5
418.86,337.88,1.5
418.75,338.11,1.5
418.64,338.34,1.5
418.55,338.57,1.5
418.46,338.81,1.5
418.34,339.02,1.5
418.21,339.25,1.5
418.11,339.48,1.5
417.99,339.71,1.5
417.86,339.93,1.5
417.74,340.16,1.5
417.62,340.39,1.5
417.52,340.61,1.5
417.42,340.84,1.5
417.33,341.07,1.5
417.25,341.30,1.5
417.16,341.52,1.5
417.08,341.75,1.5
416.99,341.97,1.5
416.90,342.19,1.5
416.81,342.41,1.5
416.73,342.63,1.5
416.65,342.86,1.5
416.58,343.09,1.5
416.51,343.29,1.5
416.38,343.44,1.5
416.25,343.62,1.5
416.15,343.83,1.5
416.05,344.05,1.5
415.93,344.26,1.5
415.82,344.48,1.5
415.71,344.70,1.5
415.61,344.92,1.5
415.52,345.15,1.5
415.42,345.38,1.5
415.33,345.60,1.5
415.24,345.82,1.5
415.15,346.04,1.5
415.07,346.27,1.5
414.99,346.50,1.5
414.92,346.72,1.5
414.80,346.92,1.5
414.68,347.12,1.5
414.57,347.33,1.5
414.46,347.54,1.5
414.35,347.75,1.5
414.26,347.96,1.5
414.17,348.17,1.5
414.08,348.39,1.5
413.99,348.61,1.5
413.91,348.84,1.5
413.83,349.07,1.5
413.82,349.26,1.5
413.91,349.46,1.5
413.99,349.61,1.5
414.16,349.66,1.5
414.30,349.76,1.5
414.38,349.91,1.5
414.42,350.10,1.5
414.55,350.21,1.5
414.72,350.33,1.5
414.80,350.51,1.5
414.81,350.73,1.5
414.79,350.97,1.5
414.76,351.22,1.5
414.72,351.47,1.5
414.66,351.72,1.5
414.60,351.95,1.5
414.54,352.18,1.5
414.45,352.40,1.5
414.34,352.62,1.5
414.22,352.83,1.5
414.09,353.03,1.5
413.95,353.24,1.5
413.81,353.45,1.5
413.66,353.66,1.5
413.52,353.87,1.5
413.38,354.07,1.5
413.24,354.28,1.5
413.09,354.48,1.5
412.95,354.69,1.5
412.80,354.90,1.5
412.66,355.11,1.5
412.52,355.31,1.5
412.38,355.52,1.5
412.23,355.73,1.5
412.10,355.94,1.5
411.96,356.16,1.5
411.83,356.39,1.5
411.70,356.61,1.5
411.57,356.83,1.5
411.43,357.04,1.5
411.29,357.24,1.5
411.14,357.45,1.5
411.00,357.66,1.5
410.85,357.86,1.5
410.71,358.07,1.5
410.56,358.28,1.5
410.42,358.50,1.5
410.28,358.73,1.5
410.14,358.94,1.5
410.00,359.16,1.5
409.86,359.38,1.5
409.73,359.60,1.5
409.63,359.83,1.5
409.54,360.08,1.5
409.44,360.32,1.5
409.36,360.56,1.5
409.26,360.79,1.5
409.13,361.01,1.5
409.00,361.22,1.5
408.85,361.43,1.5
408.71,361.63,1.5
408.58,361.83,1.5
408.45,362.02,1.5
408.33,362.22,1.5
408.22,362.42,1.5
408.11,362.62,1.5
408.00,362.82,1.5
407.89,363.01,1.5
407.78,363.20,1.5
407.66,363.39,1.5
407.54,363.57,1.5
407.42,363.76,1.5
407.31,363.95,1.5
407.19,364.13,1.5
407.07,364.32,1.5
406.94,364.51,1.5
406.80,364.69,1.5
406.66,364.87,1.5
406.52,365.05,1.5
406.38,365.23,1.5
406.24,365.41,1.5
406.11,365.61,1.5
405.98,365.80,1.5
405.85,365.99,1.5
405.72,366.17,1.5
405.58,366.34,1.5
405.45,366.51,1.5
405.32,366.69,1.5
405.20,366.87,1.5
405.08,367.05,1.5
404.96,367.22,1.5
404.84,367.40,1.5
404.71,367.58,1.5
404.59,367.75,1.5
404.48,367.93,1.5
404.36,368.11,1.5
404.25,368.29,1.5
404.13,368.47,1.5
404.03,368.64,1.5
403.91,368.82,1.5
403.80,369.01,1.5
403.68,369.21,1.5
403.57,369.41,1.5
403.45,369.60,1.5
403.33,369.78,1.5
403.21,369.96,1.5
403.08,370.14,1.5
402.96,370.31,1.5
402.86,370.49,1.5
402.75,370.67,1.5
402.63,370.86,1.5
402.51,371.04,1.5
402.40,371.22,1.5
402.29,371.39,1.5
402.18,371.57,1.5
402.06,371.74,1.5
401.93,371.91,1.5
401.80,372.09,1.5
401.68,372.28,1.5
401.55,372.47,1.5
401.43,372.67,1.5
401.31,372.86,1.5
401.19,373.05,1.5
401.08,373.24,1.5
400.96,373.43,1.5
400.83,373.62,1.5
400.70,373.81,1.5
400.57,374.01,1.5
400.44,374.22,1.5
400.31,374.43,1.5
400.19,374.63,1.5
400.06,374.84,1.5
399.93,375.05,1.5
399.80,375.26,1.5
399.66,375.47,1.5
399.52,375.68,1.5
399.39,375.90,1.5
399.24,376.11,1.5
399.09,376.31,1.5
398.93,376.51,1.5
398.77,376.71,1.5
398.61,376.91,1.5
398.45,377.11,1.5
398.29,377.31,1.5
398.13,377.51,1.5
397.97,377.72,1.5
397.83,377.94,1.5
397.69,378.17,1.5
397.54,378.38,1.5
397.38,378.58,1.5
397.22,378.78,1.5
397.05,378.98,1.5
396.89,379.18,1.5
396.73,379.38,1.5
396.58,379.60,1.5
396.43,379.83,1.5
396.29,380.06,1.5
396.17,380.29,1.5
396.08,380.53,1.5
395.97,380.77,1.5
395.83,380.99,1.5
395.68,381.21,1.5
395.52,381.42,1.5
395.35,381.64,1.5
395.19,381.84,1.5
395.02,382.04,1.5
394.84,382.24,1.5
394.67,382.44,1.5
394.50,382.63,1.5
394.33,382.83,1.5
394.15,383.03,1.5
393.98,383.22,1.5
393.81,383.42,1.5
393.63,383.61,1.5
393.46,383.81,1.5
393.29,384.01,1.5
393.12,384.21,1.5
392.95,384.41,1.5
392.78,384.61,1.5
392.61,384.81,1.5
392.43,385.01,1.5
392.26,385.21,1.5
392.09,385.41,1.5
391.92,385.61,1.5
391.75,385.81,1.5
391.58,386.01,1.5
391.41,386.21,1.5
391.24,386.41,1.5
391.07,386.61,1.5
390.91,386.82,1.5
390.74,387.02,1.5
390.58,387.22,1.5
390.41,387.42,1.5
390.25,387.62,1.5
390.09,387.82,1.5
389.93,388.02,1.5
389.77,388.21,1.5
389.62,388.41,1.5
389.47,388.61,1.5
389.33,388.80,1.5
389.19,389.00,1.5
389.04,389.19,1.5
388.90,389.37,1.5
388.75,389.56,1.5
388.61,389.75,1.5
388.46,389.93,1.5
388.31,390.12,1.5
388.17,390.31,1.5
388.03,390.49,1.5
387.88,390.67,1.5
387.74,390.85,1.5
387.59,391.03,1.5
387.44,391.20,1.5
387.29,391.38,1.5
387.15,391.57,1.5
387.01,391.76,1.5
386.88,391.94,1.5
386.74,392.13,1.5
386.60,392.32,1.5
386.45,392.50,1.5
386.31,392.68,1.5
386.16,392.86,1.5
386.02,393.04,1.5
385.87,393.22,1.5
385.71,393.39,1.5
385.55,393.57,1.5
385.40,393.75,1.5
385.24,393.93,1.5
385.08,394.12,1.5
384.91,394.30,1.5
384.73,394.49,1.5
384.56,394.67,1.5
384.39,394.86,1.5
384.21,395.05,1.5
384.04,395.24,1.5
383.86,395.42,1.5
383.69,395.60,1.5
383.51,395.80,1.5
383.34,396.00,1.5
383.17,396.20,1.5
383.00,396.40,1.5
382.84,396.60,1.5
382.66,396.79,1.5
382.49,396.99,1.5
382.33,397.20,1.5
382.16,397.41,1.5
381.99,397.62,1.5
381.83,397.83,1.5
381.66,398.03,1.5
381.49,398.23,1.5
381.31,398.41,1.5
381.14,398.60,1.5
380.96,398.78,1.5
380.78,398.96,1.5
380.61,399.14,1.5
380.43,399.32,1.5
380.25,399.50,1.5
380.08,399.68,1.5
379.90,399.87,1.5
379.72,400.05,1.5
379.55,400.25,1.5
379.37,400.45,1.5
379.20,400.64,1.5
379.02,400.83,1.5
378.85,401.01,1.5
378.67,401.20,1.5
378.49,401.38,1.5
378.31,401.57,1.5
378.14,401.78,1.5
377.99,402.00,1.5
377.85,402.24,1.5
377.71,402.47,1.5
377.56,402.69,1.5
377.39,402.89,1.5
377.23,403.09,1.5
377.06,403.31,1.5
376.90,403.52,1.5
376.75,403.74,1.5
376.59,403.95,1.5
376.41,404.15,1.5
376.24,404.34,1.5
376.06,404.54,1.5
375.88,404.74,1.5
375.70,404.93,1.5
375.52,405.11,1.5
375.33,405.29,1.5
375.14,405.47,1.5
374.96,405.66,1.5
374.77,405.84,1.5
374.58,406.02,1.5
374.38,406.20,1.5
374.19,406.39,1.5
374.01,406.59,1.5
373.82,406.77,1.5
373.63,406.94,1.5
373.44,407.12,1.5
373.24,407.28,1.5
373.05,407.43,1.5
372.86,407.59,1.5
372.67,407.77,1.5
372.49,407.94,1.5
372.31,408.10,1.5
372.13,408.26,1.5
371.95,408.42,1.5
371.78,408.58,1.5
371.60,408.74,1.5
371.43,408.91,1.5
371.25,409.07,1.5
371.08,409.25,1.5
370.91,409.43,1.5
370.74,409.61,1.5
370.57,409.78,1.5
370.40,409.96,1.5
370.23,410.14,1.5
370.06,410.32,1.5
369.88,410.50,1.5
369.70,410.69,1.5
369.53,410.88,1.5
369.36,411.08,1.5
369.18,411.27,1.5
369.01,411.46,1.5
368.83,411.65,1.5
368.66,411.85,1.5
368.49,412.05,1.5
368.33,412.25,1.5
368.16,412.45,1.5
368.00,412.65,1.5
367.84,412.86,1.5
367.69,413.06,1.5
367.55,413.27,1.5
367.42,413.47,1.5
367.29,413.67,1.5
367.16,413.85,1.5
367.02,414.03,1.5
366.88,414.21,1.5
366.74,414.38,1.5
366.59,414.55,1.5
366.44,414.71,1.5
366.28,414.87,1.5
366.12,415.03,1.5
365.96,415.21,1.5
365.80,415.38,1.5
365.64,415.54,1.5
365.48,415.70,1.5
365.32,415.86,1.5
365.16,416.02,1.5
364.99,416.19,1.5
364.83,416.36,1.5
364.67,416.54,1.5
364.51,416.72,1.5
364.34,416.90,1.5
364.17,417.06,1.5
363.98,417.23,1.5
363.80,417.39,1.5
363.61,417.55,1.5
363.42,417.72,1.5
363.23,417.89,1.5
363.04,418.05,1.5
362.85,418.22,1.5
362.67,418.39,1.5
362.49,418.57,1.5
362.30,418.75,1.5
362.12,418.93,1.5
361.93,419.12,1.5
361.75,419.31,1.5
361.57,419.51,1.5
361.40,419.70,1.5
361.22,419.90,1.5
361.05,420.10,1.5
360.88,420.29,1.5
360.71,420.47,1.5
360.54,420.66,1.5
360.37,420.84,1.5
360.25,421.05,1.5
360.13,421.25,1.5
359.97,421.43,1.5
359.80,421.60,1.5
359.62,421.77,1.5
359.43,421.94,1.5
359.23,422.11,1.5
359.04,422.28,1.5
358.85,422.46,1.5
358.65,422.63,1.5
358.46,422.80,1.5
358.26,422.97,1.5
358.07,423.15,1.5
357.88,423.34,1.5
357.70,423.54,1.5
357.52,423.74,1.5
357.34,423.94,1.5
357.16,424.15,1.5
356.99,424.36,1.5
356.84,424.57,1.5
356.70,424.80,1.5
356.56,425.04,1.5
356.44,425.29,1.5
356.34,425.52,1.5
356.23,425.76,1.5
356.11,425.99,1.5
355.98,426.22,1.5
355.85,426.45,1.5
355.72,426.68,1.5
355.60,426.91,1.5
355.49,427.15,1.5
355.38,427.39,1.5
355.26,427.62,1.5
355.15,427.85,1.5
355.03,428.07,1.5
354.91,428.29,1.5
354.80,428.52,1.5
354.68,428.74,1.5
354.56,428.96,1.5
354.45,429.20,1.5
354.34,429.43,1.5
354.22,429.66,1.5
354.11,429.88,1.5
353.99,430.11,1.5
353.87,430.33,1.5
353.75,430.55,1.5
353.63,430.78,1.5
353.52,431.00,1.5
353.40,431.22,1.5
353.28,431.45,1.5
353.16,431.67,1.5
353.04,431.89,1.5
352.92,432.11,1.5
352.80,432.33,1.5
352.69,432.56,1.5
352.57,432.78,1.5
352.45,433.00,1.5
352.33,433.22,1.5
352.21,433.45,1.5
352.09,433.67,1.5
351.98,433.89,1.5
351.87,434.13,1.5
351.76,434.36,1.5
351.65,434.59,1.5
351.53,434.81,1.5
351.41,435.04,1.5
351.30,435.27,1.5
351.19,435.50,1.5
351.11,435.73,1.5
351.05,435.98,1.5
351.00,436.23,1.5
351.03,436.41,1.5
351.15,436.54,1.5
351.24,436.63,1.5
351.37,436.66,1.5
351.45,436.75,1.5
351.44,436.92,1.5
351.37,437.12,1.5
351.27,437.36,1.5
351.23,437.59,1.5
351.20,437.83,1.5
351.11,438.06,1.5
350.98,438.28,1.5
350.84,438.47,1.5
350.69,438.66,1.5
350.55,438.87,1.5
350.40,439.06,1.5
350.23,439.24,1.5
350.05,439.43,1.5
349.88,439.62,1.5
349.68,439.80,1.5
349.47,439.97,1.5
349.25,440.14,1.5
349.02,440.30,1.5
348.80,440.46,1.5
348.57,440.62,1.5
348.36,440.77,1.5
348.15,440.93,1.5
347.95,441.09,1.5
347.74,441.25,1.5
347.52,441.40,1.5
347.29,441.55,1.5
347.10,441.71,1.5
346.93,441.88,1.5
346.76,442.02,1.5
346.62,442.18,1.5
346.43,442.29,1.5
346.20,442.35,1.5
345.95,442.39,1.5
345.70,442.41,1.5
345.44,442.45,1.5
345.18,442.48,1.5
344.92,442.48,1.5
344.65,442.48,1.5
344.37,442.48,1.5
344.10,442.46,1.5
343.83,442.45,1.5
343.56,442.43,1.5
343.29,442.42,1.5
343.02,442.40,1.5
342.76,442.40,1.5
342.49,442.42,1.5
342.23,442.42,1.5
341.97,442.40,1.5
341.71,442.36,1.5
341.45,442.31,1.5
341.19,442.25,1.5
340.93,442.19,1.5
340.68,442.13,1.5
340.43,442.05,1.5
340.19,441.96,1.5
339.96,441.87,1.5
339.72,441.78,1.5
339.49,441.69,1.5
339.25,441.60,1.5
339.00,441.51,1.5
338.75,441.44,1.5
338.49,441.37,1.5
338.22,441.31,1.5
337.96,441.25,1.5
337.71,441.19,1.5
337.46,441.12,1.5
337.22,441.03,1.5
336.98,440.95,1.5
336.73,440.88,1.5
336.47,440.85,1.5
336.21,440.85,1.5
335.96,440.89,1.5
335.72,440.96,1.5
335.59,440.83,1.5
335.40,440.78,1.5
335.16,440.80,1.5
334.91,440.88,1.5
334.68,440.99,1.5
334.49,441.14,1.5
334.29,441.29,1.5
334.06,441.37,1.5
333.82,441.41,1.5
333.57,441.43,1.5
333.32,441.46,1.5
333.06,441.49,1.5
332.81,441.53,1.5
332.55,441.59,1.5
332.29,441.65,1.5
332.04,441.73,1.5
331.80,441.83,1.5
331.56,441.95,1.5
331.31,442.04,1.5
331.07,442.12,1.5
330.82,442.20,1.5
330.58,442.27,1.5
330.29,442.35,1.5
330.05,442.43,1.5
329.81,442.51,1.5
329.57,442.59,1.5
329.33,442.67,1.5
329.09,442.77,1.5
328.86,442.89,1.5
328.63,443.00,1.5
328.40,443.11,1.5
328.16,443.21,1.5
327.92,443.30,1.5
327.69,443.39,1.5
327.45,443.48,1.5
327.21,443.58,1.5
326.97,443.69,1.5
326.74,443.80,1.5
326.50,443.90,1.5
326.26,444.00,1.5
326.03,444.10,1.5
325.79,444.21,1.5
325.56,444.32,1.5
325.32,444.44,1.5
325.09,444.54,1.5
324.86,444.64,1.5
324.62,444.74,1.5
324.39,444.83,1.5
324.16,444.93,1.5
323.92,445.02,1.5
323.69,445.11,1.5
323.46,445.21,1.5
323.22,445.31,1.5
322.99,445.40,1.5
322.75,445.51,1.5
322.52,445.62,1.5
322.28,445.75,1.5
322.05,445.88,1.5
321.85,446.03,1.5
321.68,446.22,1.5
321.47,446.37,1.5
321.25,446.49,1.5
321.02,446.59,1.5
320.79,446.69,1.5
320.55,446.78,1.5
320.32,446.87,1.5
320.08,446.97,1.5
319.84,447.08,1.5
319.60,447.19,1.5
319.37,447.29,1.5
319.13,447.40,1.5
318.89,447.50,1.5
318.66,447.62,1.5
318.42,447.73,1.5
318.19,447.83,1.5
317.95,447.93,1.5
317.72,448.02,1.5
317.48,448.12,1.5
317.25,448.21,1.5
317.02,448.31,1.5
316.79,448.41,1.5
316.55,448.50,1.5
316.32,448.60,1.5
316.09,448.70,1.5
315.86,448.80,1.5
315.62,448.92,1.5
315.40,449.06,1.5
315.20,449.21,1.5
315.01,449.38,1.5
314.80,449.51,1.5
314.57,449.63,1.5
314.34,449.73,1.5
314.11,449.85,1.5
313.87,449.97,1.5
313.64,450.10,1.5
313.40,450.23,1.5
313.16,450.36,1.5
312.93,450.49,1.5
312.69,450.62,1.5
312.46,450.76,1.5
312.22,450.89,1.5
311.98,451.02,1.5
311.74,451.15,1.5
311.50,451.29,1.5
311.28,451.44,1.5
311.08,451.60,1.5
310.89,451.76,1.5
310.67,451.89,1.5
310.44,451.98,1.5
310.20,452.06,1.5
309.95,452.13,1.5
309.70,452.22,1.5
309.46,452.32,1.5
309.21,452.42,1.5
308.96,452.54,1.5
308.72,452.66,1.5
308.47,452.78,1.5
308.23,452.91,1.5
307.99,453.05,1.5
307.76,453.19,1.5
307.56,453.34,1.5
307.35,453.50,1.5
307.12,453.63,1.5
306.90,453.76,1.5
306.67,453.90,1.5
306.45,454.03,1.5
306.23,454.16,1.5
306.01,454.28,1.5
305.79,454.41,1.5
305.59,454.56,1.5
305.38,454.71,1.5
305.19,454.87,1.5
305.01,455.04,1.5
304.83,455.21,1.5
304.65,455.40,1.5
304.48,455.60,1.5
304.32,455.81,1.5
304.18,456.04,1.5
304.06,456.28,1.5
303.95,456.52,1.5
303.82,456.74,1.5
303.67,456.93,1.5
303.48,457.11,1.5
303.32,457.31,1.5
303.16,457.50,1.5
302.97,457.68,1.5
302.77,457.87,1.5
302.58,458.06,1.5
302.39,458.23,1.5
302.24,458.43,1.5
302.09,458.63,1.5
301.91,458.81,1.5
301.70,458.91,1.5
301.46,458.98,1.5
301.22,459.03,1.5
300.96,459.07,1.5
300.70,459.15,1.5
300.44,459.24,1.5
300.18,459.30,1.5
299.92,459.34,1.5
299.66,459.38,1.5
299.41,459.41,1.5
299.15,459.44,1.5
298.89,459.44,1.5
298.64,459.44,1.5
298.38,459.44,1.5
298.13,459.45,1.5
297.88,459.45,1.5
297.62,459.45,1.5
297.37,459.46,1.5
297.12,459.46,1.5
296.87,459.47,1.5
296.62,459.47,1.5
296.36,459.48,1.5
296.11,459.49,1.5
295.85,459.51,1.5
295.59,459.55,1.5
295.34,459.59,1.5
295.08,459.62,1.5
294.83,459.63,1.5
294.57,459.64,1.5
294.31,459.67,1.5
294.04,459.71,1.5
293.78,459.74,1.5
293.51,459.78,1.5
293.25,459.80,1.5
292.99,459.81,1.5
292.74,459.82,1.5
292.48,459.82,1.5
292.23,459.82,1.5
291.97,459.81,1.5
291.72,459.81,1.5
291.47,459.80,1.5
291.21,459.80,1.5
290.96,459.80,1.5
290.69,459.80,1.5
290.43,459.82,1.5
290.16,459.84,1.5
289.90,459.86,1.5
289.64,459.86,1.5
289.38,459.86,1.5
289.12,459.86,1.5
288.87,459.86,1.5
288.61,459.85,1.5
288.36,459.85,1.5
288.10,459.85,1.5
287.84,459.84,1.5
287.59,459.84,1.5
287.33,459.84,1.5
287.08,459.83,1.5
286.82,459.83,1.5
286.56,459.83,1.5
286.30,459.83,1.5
286.04,459.84,1.5
285.77,459.86,1.5
285.52,459.89,1.5
285.29,459.91,1.5
285.06,459.93,1.5
284.84,459.96,1.5
284.62,459.99,1.5
284.40,460.03,1.5
284.19,460.07,1.5
283.99,460.11,1.5
283.80,460.16,1.5
283.63,460.20,1.5
283.46,460.22,1.5
283.29,460.24,1.5
283.12,460.25,1.5
282.94,460.26,1.5
282.77,460.26,1.5
282.60,460.27,1.5
282.42,460.26,1.5
282.24,460.25,1.5
282.03,460.25,1.5
281.81,460.26,1.5
281.60,460.28,1.5
281.39,460.31,1.5
281.18,460.33,1.5
280.99,460.34,1.5
280.80,460.34,1.5
280.62,460.34,1.5
280.44,460.36,1.5
280.27,460.40,1.5
280.09,460.42,1.5
279.92,460.44,1.5
279.75,460.45,1.5
279.58,460.45,1.5
279.41,460.45,1.5
279.22,460.43,1.5
279.01,460.42,1.5
278.79,460.41,1.5
278.58,460.40,1.5
278.37,460.39,1.5
278.16,460.38,1.5
277.95,460.39,1.5
277.73,460.38,1.5
277.52,460.36,1.5
277.31,460.37,1.5
277.12,460.37,1.5
276.93,460.36,1.5
276.73,460.36,1.5
276.53,460.36,1.5
276.32,460.38,1.5
276.11,460.41,1.5
275.91,460.44,1.5
275.69,460.45,1.5
275.47,460.43,1.5
275.25,460.41,1.5
275.04,460.39,1.5
274.84,460.36,1.5
274.63,460.33,1.5
274.42,460.30,1.5
274.19,460.26,1.5
273.98,460.23,1.5
273.77,460.19,1.5
273.56,460.17,1.5
273.34,460.15,1.5
273.12,460.12,1.5
272.89,460.08,1.5
272.67,460.05,1.5
272.45,460.03,1.5
272.23,460.00,1.5
272.00,459.97,1.5
271.78,459.94,1.5
271.56,459.91,1.5
271.34,459.89,1.5
271.12,459.87,1.5
270.91,459.85,1.5
270.71,459.83,1.5
270.51,459.80,1.5
270.31,459.78,1.5
270.12,459.77,1.5
269.92,459.76,1.5
269.72,459.75,1.5
269.53,459.74,1.5
269.35,459.74,1.5
269.17,459.74,1.5
268.97,459.72,1.5
268.76,459.71,1.5
268.55,459.71,1.5
268.35,459.72,1.5
268.14,459.74,1.5
267.92,459.76,1.5
267.72,459.78,1.5
267.52,459.80,1.5
267.31,459.83,1.5
267.09,459.87,1.5
266.88,459.91,1.5
266.67,459.94,1.5
266.45,459.96,1.5
266.23,459.99,1.5
266.01,460.00,1.5
265.79,460.01,1.5
265.57,460.02,1.5
265.35,460.03,1.5
265.14,460.03,1.5
264.94,460.03,1.5
264.74,460.04,1.5
264.55,460.05,1.5
264.36,460.07,1.5
264.16,460.10,1.5
263.97,460.12,1.5
263.79,460.15,1.5
263.61,460.17,1.5
263.44,460.19,1.5
263.28,460.22,1.5
263.13,460.26,1.5
262.98,460.27,1.5
262.85,460.28,1.5
262.74,460.27,1.5
262.63,460.27,1.5
262.52,460.26,1.5
262.42,460.23,1.5
262.31,460.22,1.5
262.19,460.20,1.5
262.07,460.18,1.5
261.93,460.14,1.5
261.79,460.09,1.5
261.66,460.07,1.5
261.55,460.09,1.5
261.46,460.13,1.5
261.35,460.17,1.5
261.24,460.20,1.5
261.11,460.19,1.5
260.98,460.16,1.5
260.87,460.12,1.5
260.75,460.07,1.5
260.62,460.02,1.5
260.48,459.99,1.5
260.29,459.98,1.5
260.07,459.99,1.5
259.84,459.97,1.5
259.61,459.94,1.5
259.40,459.93,1.5
259.21,459.94,1.5
259.02,459.97,1.5
258.81,460.01,1.5
258.60,460.09,1.5
258.39,460.17,1.5
258.18,460.25,1.5
257.99,460.32,1.5
257.78,460.40,1.5
257.58,460.49,1.5
257.38,460.58,1.5
257.18,460.67,1.5
256.99,460.78,1.5
256.80,460.89,1.5
256.62,460.99,1.5
256.44,461.06,1.5
