1.01
1.01
1.02
1.02
1.02
1.02
1.02
1.02
1.02
1.02
1.02
1.02
1.02
1.02
1.02
1.02
1.02
1.02
1.02
1.02
1.02
1.02
1.02
1.02
1.02
1.02
1.02
1.02
1.01
1.01
1.01
1.02
1.02
1.02
1.02
1.02
1.02
1.02
1.02
1.02
1.02
1.02
1.02
1.02
1.02
1.02
1.02
1.02
1.02
1.02
1.03
1.03
1.03
1.03
1.03
1.03
1.03
1.03
1.03
1.03
1.03
1.03
1.03
1.03
1.03
1.03
1.03
1.04
1.04
1.05
1.06
1.07
1.08
1.09
1.09
1.09
1.08
1.07
1.06
1.03
0.98
0.92
0.86
0.83
0.82
0.84
0.86
0.88
0.90
0.91
0.93
0.94
0.96
0.98
1.00
1.02
1.02
1.02
1.02
1.02
1.02
1.02
1.02
1.02
1.02
1.02
1.02
1.02
1.02
1.02
1.02
1.02
1.02
1.02
1.02
1.02
1.02
1.02
1.02
1.02
1.02
1.02
1.02
1.02
1.02
1.02
1.02
1.02
1.02
1.02
1.02
1.02
1.02
1.02
1.02
1.02
1.02
1.02
1.02
1.02
1.02
1.02
1.02
1.02
1.02
1.01
1.01
1.01
1.01
1.01
1.01
1.01
1.01
1.01
1.01
1.01
1.01
1.01
1.01
1.01
1.01
1.01
1.01
1.01
1.01
1.01
1.01
0.99
0.97
0.95
0.93
0.92
0.92
0.92
0.92
0.92
0.91
0.91
0.91
0.91
0.91
0.91
0.90
0.90
0.91
0.92
0.90
0.88
0.86
0.84
0.85
0.86
0.84
0.83
0.82
0.82
0.81
0.81
0.84
0.86
0.83
0.81
0.80
0.81
0.81
0.80
0.79
0.79
0.81
0.82
0.80
0.78
0.78
0.78
0.75
0.71
0.72
0.73
0.75
0.76
0.72
0.69
0.75
0.80
0.77
0.73
0.69
0.67
0.65
0.62
0.56
0.54
0.63
0.73
0.16
0.70
0.73
0.79
0.82
0.83
0.84
0.85
0.83
0.81
0.79
0.77
0.78
0.80
0.79
0.77
0.74
0.71
0.70
0.69
0.70
0.72
0.79
0.84
0.86
0.86
0.78
0.73
0.71
0.72
0.71
0.70
0.72
0.73
0.79
0.84
0.83
0.82
0.82
0.81
0.77
0.73
0.76
0.78
0.72
0.67
0.72
0.77
0.79
0.80
0.75
0.71
0.72
0.73
0.77
0.79
0.80
0.80
0.75
0.72
0.74
0.76
0.75
0.73
0.75
0.77
0.72
0.69
0.73
0.77
0.74
0.72
0.68
0.64
0.65
0.67
0.68
0.68
0.73
0.77
0.74
0.72
0.72
0.74
0.78
0.80
0.72
0.66
0.69
0.73
0.76
0.79
0.82
0.84
0.77
0.72
0.72
0.74
0.82
0.89
0.92
0.94
0.89
0.84
0.85
0.87
0.87
0.86
0.83
0.82
0.82
0.83
0.86
0.89
0.92
0.94
0.96
0.97
0.96
0.96
0.95
0.94
0.93
0.93
0.94
0.94
0.93
0.92
0.94
0.95
0.96
0.97
0.97
0.97
0.97
0.96
0.97
0.98
0.98
0.98
1.00
1.01
1.02
1.01
1.00
1.00
1.00
1.00
0.99
0.99
0.98
0.97
0.97
0.96
0.96
0.95
0.94
0.94
0.93
0.93
0.92
0.92
0.93
0.94
0.96
0.98
0.98
0.98
0.98
0.98
0.98
0.99
0.99
1.00
1.00
0.99
0.99
0.99
0.99
0.99
0.99
0.99
0.99
0.99
0.99
0.99
0.99
0.99
0.99
0.99
0.99
0.99
0.99
0.99
0.99
0.99
0.99
0.99
0.99
0.99
0.99
0.99
0.99
0.99
0.99
0.99
0.99
0.99
0.99
0.99
0.99
0.99
0.99
0.99
0.99
0.99
0.99
0.99
0.99
0.99
0.99
0.99
0.99
0.99
0.99
0.99
0.99
0.99
0.99
0.99
0.99
0.99
0.99
0.99
0.99
0.99
0.99
0.99
0.99
0.99
0.99
0.99
0.99
0.99
0.99
0.99
0.99
0.99
0.99
0.99
0.99
0.99
0.99
0.99
0.99
0.99
0.99
0.99
0.99
0.99
0.99
0.99
0.99
0.99
0.99
0.99
0.99
0.99
0.99
0.99
0.99
0.99
0.99
0.99
0.99
0.99
0.99
0.99
0.99
0.99
0.99
0.99
0.99
0.99
0.99
0.99
0.99
0.99
0.99
0.99
0.99
0.99
0.99
0.99
0.99
0.99
0.99
0.99
0.99
0.99
0.99
0.99
0.99
0.99
0.99
0.99
0.99
0.99
0.99
0.99
0.99
0.99
0.99
0.99
0.99
0.99
0.99
0.99
0.99
0.99
0.99
0.99
0.99
0.99
0.99
0.99
0.99
0.99
0.99
0.99
0.99
0.99
0.99
0.99
0.99
0.99
0.99
0.99
0.99
0.99
0.99
0.99
0.99
0.99
0.99
0.99
0.99
0.99
0.99
0.99
0.99
0.99
0.99
0.99
0.99
0.99
0.99
0.99
0.99
0.99
0.99
0.99
0.99
0.99
0.99
0.99
0.99
0.99
0.99
0.99
0.99
0.99
0.99
0.99
0.99
0.99
0.99
0.99
0.99
0.99
0.99
0.99
0.99
0.99
0.99
0.99
0.99
0.99
0.99
0.99
0.99
0.99
0.99
0.99
0.99
0.99
0.99
0.99
0.99
0.99
0.99
0.99
0.99
0.99
0.99
0.99
0.99
0.99
0.99
0.99
0.99
0.99
0.98
0.98
0.98
0.99
0.99
0.99
0.99
0.99
0.99
0.99
0.99
0.99
0.97
0.94
0.92
0.91
0.90
0.90
0.89
0.90
0.91
0.90
0.85
0.73
0.96
1.01
0.90
0.84
0.81
0.79
0.75
0.68
0.67
0.67
0.70
0.71
0.66
0.62
0.66
0.71
0.66
0.60
0.61
0.63
0.65
0.66
0.72
0.79
0.73
0.69
0.72
0.76
0.83
0.88
0.92
0.94
0.95
0.57
0.73
0.60
0.64
0.76
0.84
0.86
0.87
0.88
0.86
0.84
0.83
0.85
0.91
0.96
0.95
0.92
0.90
0.88
0.87
0.87
0.88
0.90
0.88
0.86
0.84
0.81
0.81
0.82
0.82
0.81
0.83
0.84
0.84
0.84
0.82
0.78
0.79
0.80
0.78
0.75
0.77
0.80
0.84
0.88
0.89
0.90
0.90
0.91
0.94
0.97
0.96
0.96
0.96
0.95
0.93
0.91
0.93
0.95
0.98
1.00
1.00
1.00
1.00
1.03
1.05
1.08
1.09
1.10
1.08
1.00
0.90
0.94
0.92
0.91
0.92
0.94
0.96
0.97
0.97
0.94
0.94
0.95
0.94
0.95
0.98
1.00
0.98
0.96
0.93
0.92
0.92
0.93
0.93
0.92
0.93
0.94
0.96
0.97
0.98
0.99
1.00
1.01
1.01
1.01
1.00
1.00
1.00
1.00
1.00
1.00
1.00
1.00
1.00
1.02
1.05
1.07
1.07
1.06
1.03
1.04
1.05
1.03
1.01
0.99
0.99
1.00
1.01
1.01
1.00
1.00
1.01
1.01
1.00
1.00
1.01
1.02
1.02
1.03
1.03
1.02
1.03
1.04
1.06
1.06
1.04
1.03
1.01
0.98
0.94
1.07
0.85
0.83
0.83
0.82
0.82
0.82
0.81
0.81
0.82
0.85
0.87
0.89
0.90
0.92
0.94
0.95
0.94
0.94
0.95
0.95
0.93
0.92
0.93
0.94
0.97
0.96
0.93
0.91
0.92
0.93
0.93
0.91
0.89
0.88
0.92
0.94
0.94
0.95
0.97
1.00
1.02
1.03
1.01
1.00
1.02
1.05
1.06
1.02
1.00
1.04
1.06
1.05
1.02
0.96
0.88
0.85
0.84
0.82
0.70
0.39
0.36
0.43
0.31
0.22
0.12
0.11
0.27
0.56
0.76
0.82
0.86
0.89
0.96
0.89
0.78
0.72
0.64
0.60
0.59
0.62
0.75
0.85
0.86
0.88
0.91
0.94
0.93
0.95
0.99
1.03
1.05
1.06
1.04
1.02
1.01
1.00
1.01
1.01
1.01
1.00
1.00
1.00
0.99
1.01
1.03
1.05
1.07
1.09
1.13
1.13
1.13
1.13
1.12
1.10
1.08
1.06
1.06
1.04
1.01
0.99
0.96
0.93
0.90
0.88
0.86
0.85
0.84
0.83
0.83
0.84
0.86
0.87
0.85
0.83
0.83
0.83
0.81
0.81
0.87
0.91
0.92
0.91
0.89
0.88
0.90
0.91
