1.03
1.03
1.03
1.03
1.03
1.03
1.03
1.03
1.03
1.01
0.99
0.97
0.95
0.94
0.93
0.93
0.93
0.93
0.93
0.93
0.92
0.91
0.91
0.90
0.89
0.88
0.88
0.87
0.86
0.86
0.86
0.85
0.83
0.82
0.81
0.80
0.79
0.78
0.81
0.83
0.81
0.79
0.76
0.75
0.77
0.80
0.78
0.77
0.76
0.76
0.76
0.77
0.78
0.80
0.85
0.89
0.89
0.88
0.83
0.79
0.81
0.83
0.84
0.84
0.87
0.90
0.88
0.86
0.83
0.82
0.82
0.82
0.86
0.90
0.91
0.92
0.89
0.87
0.89
0.90
0.91
0.92
0.93
0.93
0.92
0.90
0.88
0.86
0.88
0.91
0.91
0.91
0.89
0.87
0.88
0.88
0.88
0.89
0.90
0.92
0.92
0.90
0.89
0.89
0.92
0.95
0.95
0.94
0.90
0.86
0.86
0.86
0.86
0.87
0.88
0.90
0.88
0.86
0.90
0.94
0.96
0.97
0.94
0.92
0.92
0.92
0.93
0.87
0.74
0.62
0.52
0.58
0.66
0.72
0.75
0.77
0.76
0.76
0.83
0.90
0.90
0.88
0.89
0.78
0.66
0.66
0.62
0.55
0.68
0.74
0.78
0.89
0.91
0.91
0.94
0.95
0.94
0.92
0.93
0.94
0.95
0.95
0.93
0.91
0.91
0.91
0.93
0.95
0.93
0.91
0.92
0.92
0.92
0.91
0.93
0.95
0.92
0.90
0.89
0.90
0.93
0.95
0.96
0.99
0.96
0.96
0.99
0.61
0.86
0.80
0.86
0.93
0.97
0.99
1.01
1.00
0.98
0.95
0.95
0.95
0.95
0.95
0.94
0.92
0.93
0.93
0.94
0.95
0.95
0.95
0.95
0.94
0.95
0.95
0.96
0.98
0.99
1.00
0.98
0.96
0.95
0.95
0.94
0.94
0.94
0.93
0.94
0.95
0.95
0.95
0.95
0.94
0.96
0.99
1.00
1.00
0.94
0.94
0.92
0.89
0.89
0.90
0.91
0.86
0.53
0.16
0.00
0.11
0.06
0.21
0.25
0.15
0.34
0.36
0.47
0.49
0.48
0.51
0.55
0.63
0.57
0.51
0.58
0.73
0.71
0.26
0.04
0.07
0.13
0.13
0.17
0.33
0.64
0.97
0.82
0.53
0.69
0.86
0.93
0.93
0.93
0.92
1.00
1.07
1.04
1.02
1.05
1.08
1.08
1.07
1.07
1.07
1.06
1.06
1.04
1.02
1.02
1.02
1.02
1.04
1.04
1.03
1.05
1.05
1.04
1.04
1.04
0.94
0.99
1.02
0.92
0.98
0.99
1.02
1.03
1.02
1.03
1.03
1.04
1.04
1.06
1.05
1.07
1.03
0.46
0.62
0.63
0.71
0.86
0.97
1.00
0.99
1.04
1.06
1.05
1.05
1.04
1.03
1.03
1.03
1.03
1.05
1.05
1.00
0.99
1.03
1.03
1.03
1.03
1.03
1.03
1.04
1.05
1.04
0.85
0.93
1.00
1.01
1.02
1.02
1.03
1.03
1.03
1.04
1.04
1.05
1.05
1.04
1.04
1.05
1.07
1.06
1.04
1.06
1.06
1.05
1.04
1.03
1.00
0.98
0.97
0.96
0.95
0.95
0.95
0.95
0.95
0.98
1.01
0.97
0.75
0.84
0.95
0.90
0.84
0.98
1.00
0.98
1.00
1.04
1.05
1.05
1.04
1.04
1.04
1.03
1.03
1.03
1.01
1.00
0.99
0.95
0.73
0.58
0.74
0.81
0.88
0.78
0.68
0.81
0.91
0.94
0.91
0.94
0.95
0.96
0.96
0.95
0.98
1.01
0.98
0.95
0.98
0.97
0.96
0.99
1.02
1.06
1.07
1.02
0.95
0.97
0.90
0.89
0.84
0.72
0.80
0.83
0.86
0.88
0.90
0.90
0.92
0.95
0.94
0.92
0.92
0.93
0.96
0.99
1.01
1.00
0.98
0.98
0.96
0.93
0.96
0.98
0.99
0.97
0.96
0.95
0.95
0.94
0.95
0.99
0.99
0.97
0.96
0.95
0.97
0.99
0.98
0.96
0.95
0.94
0.94
0.94
0.93
0.93
0.93
0.94
0.95
0.96
0.98
1.00
1.00
0.98
0.97
0.96
0.97
0.99
1.00
1.00
1.00
0.98
0.96
0.95
0.94
0.92
0.91
0.89
0.92
0.93
0.93
0.91
0.87
0.85
0.85
0.87
0.90
0.93
0.90
0.88
0.89
0.89
0.89
0.89
0.88
0.86
0.86
0.86
0.84
0.84
0.86
0.88
0.90
0.91
0.91
0.90
0.90
0.90
0.92
0.94
0.90
0.84
0.84
0.84
0.80
0.78
0.81
0.84
0.85
0.84
0.82
0.81
0.84
0.86
0.83
0.80
0.79
0.76
0.78
0.82
0.80
0.77
0.72
0.69
0.74
0.80
0.82
0.81
0.82
0.88
0.86
0.78
0.72
0.73
0.73
0.68
0.58
0.57
0.62
0.67
0.73
0.78
0.72
0.67
0.68
0.71
0.73
0.74
0.81
0.80
0.80
0.80
0.76
0.73
0.72
0.72
0.71
0.70
0.72
0.72
0.77
0.82
0.84
0.87
0.84
0.80
0.80
0.80
0.86
0.92
0.92
0.92
0.91
0.91
0.92
0.94
0.94
0.89
0.84
0.82
0.78
0.74
0.78
0.81
0.82
0.83
0.82
0.82
0.84
0.84
0.76
0.65
0.63
0.65
0.70
0.74
0.75
0.76
0.80
0.83
0.89
0.93
0.87
0.82
0.82
0.84
0.86
0.87
0.83
0.80
0.78
0.76
0.79
0.81
0.86
0.89
0.84
0.80
0.80
0.80
0.75
0.69
0.68
0.67
0.69
0.74
0.76
0.79
0.76
0.73
0.72
0.72
0.73
0.72
0.70
0.69
0.69
0.28
0.75
0.80
0.81
0.79
0.78
0.77
0.75
0.72
0.68
0.63
0.60
0.63
0.70
0.72
0.72
0.70
0.70
0.72
0.73
0.73
0.73
0.74
0.78
0.80
0.82
0.86
0.88
0.90
0.91
0.89
0.85
0.84
0.80
0.77
0.73
0.71
0.74
0.77
0.82
0.85
0.85
0.84
0.82
0.80
0.80
0.82
0.83
0.83
0.81
0.78
0.81
0.85
0.86
0.86
0.84
0.82
0.79
0.76
0.76
0.77
0.78
0.78
0.83
0.88
0.88
0.86
0.80
0.75
0.76
0.78
0.79
0.80
0.80
0.81
0.81
0.81
0.87
0.91
0.92
0.92
0.90
0.88
0.84
0.83
0.86
0.86
0.88
0.91
0.91
0.91
0.88
0.88
0.89
0.91
0.96
0.97
0.96
0.95
0.96
0.99
0.95
0.92
0.91
0.90
0.89
0.88
0.84
0.81
0.78
0.77
0.75
0.74
0.74
0.73
0.76
0.79
0.78
0.77
0.77
0.77
0.83
0.88
0.86
0.87
0.85
0.79
0.71
0.66
0.64
0.64
0.73
0.80
0.83
0.86
0.84
0.74
0.55
0.66
0.74
0.79
0.83
0.86
0.87
0.87
0.86
0.84
0.83
0.84
0.82
0.81
0.81
0.82
0.83
0.85
0.83
0.81
0.81
0.81
0.80
0.79
0.83
0.85
0.83
0.81
0.74
0.69
0.66
0.64
0.68
0.73
0.73
0.87
0.73
0.73
0.78
0.77
0.78
0.79
0.76
0.76
0.78
0.80
0.79
0.78
0.77
0.78
0.79
0.79
0.77
0.75
0.74
0.74
0.77
0.77
0.72
0.70
0.72
0.71
0.71
0.73
0.78
0.83
0.85
0.89
0.94
0.97
1.01
1.01
0.94
0.87
0.84
0.83
0.83
0.83
0.83
0.83
0.85
0.87
0.88
0.90
0.92
0.93
0.92
0.92
0.94
0.97
1.00
1.02
1.03
1.04
1.03
1.03
1.03
1.03
1.02
1.00
0.98
0.96
0.95
0.94
0.95
0.96
0.95
0.95
0.95
0.94
0.95
0.96
0.98
0.99
0.97
0.97
0.97
0.98
0.98
0.99
0.99
1.00
1.00
1.01
1.03
1.02
1.01
1.01
1.02
1.03
1.03
1.02
1.01
1.01
1.00
0.99
0.98
0.97
0.97
0.96
0.96
0.96
0.97
0.97
0.97
0.98
0.97
0.97
0.96
0.95
0.96
0.96
0.95
0.95
0.95
0.95
0.97
0.98
0.96
0.95
0.94
0.94
0.95
0.96
0.97
0.97
0.96
0.95
0.95
0.96
1.00
1.06
1.08
1.07
1.06
1.04
1.03
1.04
1.05
1.06
1.08
1.08
