0.80
0.79
0.79
0.78
0.77
0.77
0.80
0.83
0.82
0.80
0.81
0.82
0.81
0.79
0.79
0.79
0.78
0.78
0.81
0.84
0.82
0.81
0.80
0.79
0.82
0.84
0.82
0.80
0.83
0.86
0.84
0.82
0.82
0.83
0.82
0.81
0.82
0.83
0.83
0.83
0.83
0.83
0.83
0.82
0.82
0.82
0.81
0.80
0.79
0.79
0.77
0.76
0.77
0.77
0.74
0.72
0.74
0.75
0.74
0.72
0.70
0.69
0.72
0.75
0.73
0.70
0.67
0.65
0.69
0.73
0.70
0.68
0.72
0.78
0.77
0.76
0.73
0.67
0.63
0.61
0.64
0.58
0.43
0.34
0.21
0.03
0.12
0.16
0.24
0.32
0.41
0.54
0.60
0.63
0.63
0.48
0.16
0.33
0.24
0.15
0.26
0.42
0.48
0.48
0.65
0.56
0.66
0.75
0.79
0.80
0.79
0.79
0.78
0.79
0.79
0.80
0.81
0.82
0.82
0.82
0.84
0.85
0.83
0.82
0.83
0.84
0.86
0.87
0.87
0.87
0.86
0.86
0.86
0.86
0.88
0.90
0.90
0.90
0.90
0.89
0.90
0.91
0.92
0.92
0.92
0.92
0.92
0.91
0.91
0.91
0.91
0.91
0.92
0.92
0.92
0.92
0.92
0.92
0.92
0.92
0.92
0.92
0.91
0.91
0.90
0.90
0.90
0.90
0.89
0.89
0.88
0.88
0.87
0.87
0.86
0.86
0.87
0.88
0.88
0.89
0.90
0.90
0.90
0.89
0.89
0.89
0.89
0.89
0.88
0.88
0.88
0.88
0.88
0.88
0.87
0.87
0.87
0.87
0.87
0.87
0.88
0.89
0.89
0.88
0.87
0.86
0.85
0.84
0.83
0.82
0.82
0.81
0.80
0.80
0.79
0.77
0.77
0.77
0.78
0.78
0.75
0.73
0.72
0.71
0.70
0.69
0.72
0.75
0.78
0.81
0.78
0.75
0.77
0.79
0.79
0.78
0.81
0.82
0.82
0.81
0.80
0.80
0.80
0.80
0.77
0.75
0.77
0.79
0.77
0.75
0.73
0.71
0.74
0.77
0.77
0.76
0.79
0.82
0.79
0.75
0.75
0.76
0.73
0.70
0.69
0.70
0.70
0.71
0.72
0.73
0.78
0.82
0.81
0.79
0.75
0.73
0.71
0.69
0.69
0.69
0.69
0.69
0.70
0.71
0.74
0.77
0.75
0.72
0.74
0.76
0.76
0.76
0.78
0.79
0.81
0.81
0.81
0.80
0.76
0.73
0.72
0.72
0.75
0.76
0.76
0.75
0.76
0.76
0.78
0.78
0.78
0.77
0.73
0.69
0.70
0.72
0.76
0.79
0.79
0.79
0.76
0.74
0.74
0.75
0.73
0.72
0.69
0.68
0.71
0.74
0.72
0.70
0.73
0.76
0.75
0.74
0.74
0.75
0.78
0.81
0.80
0.79
0.75
0.72
0.72
0.72
0.73
0.73
0.71
0.69
0.68
0.68
0.68
0.81
0.68
0.68
0.72
0.76
0.77
0.77
0.80
0.82
0.75
0.71
0.72
0.74
0.71
0.70
0.72
0.74
0.77
0.79
0.79
0.78
0.73
0.70
0.75
0.77
0.73
0.70
0.73
0.74
0.76
0.77
0.76
0.75
0.74
0.73
0.74
0.75
0.78
0.78
0.71
0.66
0.67
0.67
0.66
0.64
0.64
0.65
0.69
0.72
0.75
0.76
0.76
0.76
0.71
0.68
0.69
0.70
0.74
0.78
0.79
0.80
0.81
0.82
0.83
0.84
0.84
0.84
0.87
0.90
0.93
0.94
0.95
0.96
0.95
0.93
0.93
0.92
0.90
0.87
0.85
0.84
0.83
0.82
0.82
0.82
0.82
0.82
0.82
0.82
0.80
0.79
0.80
0.80
0.77
0.76
0.75
0.76
0.76
0.77
0.80
0.80
0.77
0.75
0.72
0.70
0.73
0.75
0.74
0.75
0.79
0.82
0.78
0.77
0.78
0.80
0.80
0.81
0.83
0.84
0.82
0.80
0.80
0.80
0.80
0.80
0.79
0.79
0.76
0.74
0.75
0.76
0.78
0.80
0.80
0.81
0.80
0.80
0.81
0.81
0.78
0.75
0.74
0.73
0.75
0.77
0.73
0.71
0.69
0.69
0.73
0.77
0.76
0.76
0.80
0.81
0.76
0.73
0.73
0.73
0.75
0.76
0.78
0.79
0.77
0.73
0.71
0.70
0.71
0.73
0.71
0.71
0.72
0.72
0.73
0.74
0.74
0.75
0.73
0.73
0.78
0.81
0.84
0.85
0.83
0.81
0.82
0.82
0.82
0.81
0.83
0.84
0.85
0.85
0.85
0.85
0.85
0.85
0.85
0.86
0.86
0.86
0.83
0.82
0.85
0.87
0.87
0.86
0.88
0.89
0.90
0.92
0.92
0.93
0.92
0.92
0.91
0.91
0.91
0.91
0.92
0.93
0.93
0.93
0.94
0.94
0.94
0.95
0.96
0.96
0.97
0.97
0.97
0.97
0.97
0.97
0.97
0.97
0.98
0.98
0.98
0.98
0.98
0.98
0.99
0.99
0.99
0.99
0.99
0.98
0.97
0.96
0.95
0.92
0.87
0.83
0.79
0.78
0.78
0.79
0.82
0.84
0.86
0.87
0.90
0.91
0.91
0.91
0.94
0.95
0.95
0.93
0.88
0.83
0.80
0.77
0.76
0.76
0.77
0.79
0.82
0.85
0.90
0.94
0.94
0.94
0.94
0.96
0.98
0.99
0.98
0.98
0.97
0.98
0.98
0.98
0.98
0.97
0.96
0.95
0.94
0.92
0.92
0.93
0.95
0.94
0.94
0.95
0.95
0.92
0.89
0.87
0.84
0.81
0.79
0.79
0.79
0.81
0.79
0.77
0.77
0.78
0.77
0.77
0.76
0.78
0.81
0.82
0.83
0.83
0.85
0.87
0.89
0.91
0.91
0.92
0.92
0.93
0.96
0.97
0.97
0.95
0.96
0.97
0.97
0.95
0.94
0.93
0.94
0.97
1.00
1.01
1.01
1.00
1.01
1.01
1.00
0.97
0.95
0.93
0.92
0.92
0.92
0.92
0.92
0.92
0.92
0.92
0.92
0.95
0.97
0.97
0.95
0.94
0.93
0.92
0.92
0.92
0.92
0.92
0.92
0.92
0.92
0.92
0.92
0.92
0.92
0.92
0.92
0.91
0.91
0.91
0.91
0.92
0.94
0.95
0.95
0.96
0.94
0.93
0.92
0.92
0.92
0.92
0.92
0.92
0.92
0.92
0.94
0.96
0.98
0.99
1.00
0.99
0.98
0.99
0.98
0.97
0.94
0.95
0.96
0.99
0.99
0.97
0.97
0.97
0.98
0.97
0.97
0.95
0.93
0.92
0.92
0.94
0.96
0.97
0.97
0.95
0.95
0.96
0.98
0.97
0.97
0.96
0.96
0.94
0.93
0.93
0.94
0.95
0.96
0.97
0.97
0.96
0.96
0.97
0.97
0.97
0.95
0.93
0.93
0.92
0.92
0.92
0.92
0.92
0.92
0.92
0.93
0.94
0.94
0.93
0.92
0.92
0.92
0.93
0.94
0.94
0.93
0.94
0.95
0.93
0.92
0.92
0.93
0.94
0.94
0.95
0.96
0.96
0.94
0.93
0.92
0.92
0.92
0.94
0.95
0.98
0.99
0.98
0.96
0.94
0.93
0.93
0.94
0.93
0.93
0.95
0.96
0.96
0.95
0.94
0.94
0.95
0.97
0.97
0.96
0.98
0.99
0.99
1.00
1.00
0.99
0.99
0.99
0.98
0.97
0.94
0.87
0.80
0.75
0.73
0.72
0.73
0.75
0.78
0.76
0.75
0.79
0.82
0.84
0.86
0.89
0.91
0.91
0.92
0.94
0.94
0.94
0.94
0.92
0.91
0.91
0.91
0.92
0.92
0.92
0.92
0.92
0.92
0.92
0.92
0.92
0.92
0.92
0.92
0.92
0.92
0.92
0.92
0.92
0.94
0.94
0.93
0.92
0.92
0.92
0.92
0.92
0.93
0.95
0.96
0.96
0.96
0.94
0.91
0.89
0.88
0.86
0.85
0.84
0.85
0.85
0.85
0.85
0.85
0.84
0.85
0.88
0.87
0.86
0.86
0.85
0.84
0.83
0.83
0.83
0.85
0.86
0.85
0.85
0.86
0.86
0.84
0.83
0.83
0.83
0.84
0.84
0.86
0.88
0.87
0.85
0.83
0.81
0.81
0.82
0.82
0.83
0.84
0.84
0.85
0.85
0.85
0.83
0.82
0.80
0.80
0.82
0.83
0.84
0.84
0.85
0.84
0.83
0.84
0.84
0.84
