0.78
0.77
0.77
0.76
0.76
0.75
0.75
0.75
0.75
0.75
0.75
0.76
0.77
0.77
0.77
0.78
0.78
0.78
0.76
0.76
0.75
0.75
0.75
0.76
0.76
0.77
0.76
0.77
0.79
0.81
0.80
0.78
0.77
0.76
0.76
0.76
0.76
0.76
0.77
0.77
0.78
0.79
0.79
0.79
0.79
0.78
0.78
0.77
0.77
0.76
0.74
0.72
0.70
0.69
0.68
0.67
0.66
0.66
0.66
0.64
0.62
0.61
0.60
0.60
0.61
0.64
0.66
0.68
0.73
0.76
0.76
0.75
0.74
0.74
0.74
0.73
0.74
0.74
0.74
0.73
0.74
0.75
0.75
0.75
0.75
0.77
0.78
0.78
0.77
0.76
0.76
0.75
0.75
0.75
0.75
0.75
0.74
0.75
0.75
0.74
0.74
0.74
0.74
0.74
0.74
0.74
0.74
0.74
0.74
0.74
0.74
0.75
0.75
0.75
0.75
0.75
0.75
0.75
0.75
0.75
0.75
0.74
0.73
0.74
0.74
0.74
0.74
0.74
0.74
0.74
0.74
0.75
0.75
0.75
0.75
0.75
0.75
0.75
0.74
0.74
0.74
0.74
0.75
0.75
0.75
0.75
0.75
0.75
0.75
0.75
0.75
0.75
0.75
0.75
0.76
0.77
0.71
0.58
0.72
0.69
0.70
0.72
0.73
0.74
0.74
0.75
0.75
0.75
0.75
0.77
0.78
0.76
0.69
0.74
0.74
0.74
0.75
0.75
0.62
0.68
0.70
0.71
0.73
0.75
0.74
0.74
0.74
0.75
0.75
0.75
0.75
0.76
0.78
0.79
0.78
0.76
0.76
0.75
0.75
0.75
0.75
0.75
0.75
0.75
0.75
0.75
0.75
0.75
0.75
0.75
0.75
0.75
0.75
0.75
0.75
0.75
0.75
0.75
0.75
0.75
0.75
0.75
0.75
0.75
0.75
0.75
0.75
0.75
0.75
0.75
0.75
0.75
0.75
0.75
0.75
0.75
0.75
0.75
0.75
0.75
0.75
0.75
0.75
0.75
0.75
0.75
0.75
0.75
0.75
0.75
0.75
0.75
0.75
0.75
0.75
0.75
0.75
0.75
0.75
0.77
0.78
0.78
0.78
0.79
0.80
0.81
0.82
0.82
0.83
0.81
0.80
0.77
0.76
0.75
0.75
0.75
0.75
0.75
0.75
0.75
0.75
0.75
0.75
0.75
0.75
0.75
0.75
0.75
0.75
0.75
0.75
0.75
0.75
0.75
0.75
0.75
0.75
0.75
0.75
0.75
0.75
0.76
0.78
0.79
0.80
0.83
0.85
0.87
0.87
0.86
0.84
0.82
0.79
0.76
0.71
0.68
0.66
0.66
0.67
0.69
0.71
0.74
0.75
0.77
0.77
0.76
0.72
0.67
0.64
0.62
0.61
0.61
0.63
0.64
0.66
0.68
0.70
0.74
0.74
0.75
0.78
0.79
0.69
0.68
0.69
0.69
0.59
0.49
0.56
0.58
0.60
0.63
0.68
0.69
0.62
0.68
0.70
0.71
0.75
0.80
0.80
0.81
0.79
0.78
0.76
0.74
0.73
0.73
0.74
0.75
0.77
0.79
0.80
0.82
0.84
0.87
0.88
0.89
0.87
0.88
0.89
0.91
0.90
0.88
0.85
0.83
0.82
0.80
0.79
0.77
0.75
0.71
0.66
0.62
0.59
0.57
0.58
0.60
0.64
0.68
0.70
0.71
0.72
0.74
0.74
0.73
0.75
0.76
0.73
0.69
0.77
0.80
0.81
0.81
0.81
0.80
0.80
0.79
0.79
0.80
0.76
0.74
0.79
0.80
0.76
0.74
0.67
0.63
0.61
0.59
0.58
0.51
0.45
0.44
0.45
0.44
0.42
0.42
0.41
0.42
0.48
0.54
0.47
0.39
0.44
0.51
0.46
0.45
0.48
0.45
0.39
0.35
0.29
0.16
0.04
0.02
0.08
0.18
0.36
0.55
0.53
0.41
0.37
0.31
0.37
0.52
0.69
0.15
0.45
0.22
0.17
0.20
0.25
0.10
0.20
0.17
0.21
0.41
0.58
0.66
0.80
0.92
0.89
0.82
0.79
0.79
0.78
0.77
0.76
0.75
0.74
0.72
0.74
0.75
0.75
0.76
0.76
0.75
0.75
0.75
0.75
0.75
0.75
0.75
0.75
0.75
0.75
0.75
0.75
0.75
0.75
0.75
0.75
0.75
0.75
0.75
0.75
0.75
0.75
0.75
0.75
0.75
0.75
0.75
0.75
0.75
0.75
0.75
0.75
0.75
0.75
0.75
0.75
0.75
0.75
0.75
0.75
0.75
0.75
0.75
0.75
0.75
0.75
0.75
0.75
0.75
0.75
0.75
0.75
0.75
0.75
0.75
0.75
0.75
0.75
0.75
0.75
0.75
0.75
0.75
0.75
0.75
0.75
0.75
0.75
0.75
0.75
0.75
0.75
0.75
0.75
0.75
0.75
0.75
0.75
0.75
0.75
0.75
0.75
0.75
0.75
0.75
0.75
0.75
0.75
0.75
0.75
0.75
0.75
0.75
0.75
0.75
0.75
0.75
0.75
0.75
0.75
0.75
0.75
0.75
0.75
0.75
0.75
0.75
0.75
0.75
0.75
0.75
0.75
0.75
0.75
0.75
0.75
0.75
0.75
0.75
0.75
0.75
0.75
0.75
0.75
0.75
0.75
0.75
0.75
0.75
0.75
0.75
0.75
0.75
0.75
0.75
0.75
0.75
0.75
0.75
0.75
0.75
0.75
0.75
0.75
0.75
0.75
0.75
0.75
0.75
0.75
0.75
0.75
0.75
0.75
0.75
0.75
0.75
0.75
0.75
0.75
0.75
0.75
0.75
0.75
0.75
0.75
0.75
0.75
0.75
0.75
0.75
0.75
0.75
0.75
0.75
0.75
0.75
0.75
0.75
0.75
0.75
0.75
0.75
0.75
0.75
0.75
0.75
0.75
0.75
0.75
0.75
0.75
0.75
0.75
0.75
0.75
0.75
0.75
0.75
0.75
0.75
0.75
0.75
0.75
0.75
0.75
0.75
0.75
0.75
0.75
0.75
0.75
0.75
0.75
0.75
0.75
0.75
0.75
0.75
0.75
0.75
0.75
0.75
0.75
0.75
0.75
0.75
0.75
0.75
0.75
0.75
0.75
0.75
0.75
0.75
0.75
0.75
0.75
0.75
0.75
0.75
0.75
0.75
0.75
0.75
0.74
0.73
0.72
0.72
0.71
0.71
0.70
0.70
0.69
0.69
0.69
0.69
0.68
0.68
0.69
0.72
0.72
0.72
0.72
0.73
0.74
0.75
0.75
0.74
0.74
0.74
0.74
0.74
0.74
0.74
0.74
0.74
0.75
0.75
0.75
0.75
0.75
0.75
0.75
0.75
0.75
0.75
0.75
0.75
0.75
0.75
0.75
0.75
0.75
0.75
0.75
0.75
0.75
0.75
0.75
0.75
0.75
0.75
0.75
0.75
0.75
0.75
0.75
0.75
0.75
0.75
0.75
0.75
0.75
0.75
0.75
0.75
0.75
0.75
0.75
0.75
0.75
0.75
0.75
0.75
0.75
0.75
0.75
0.75
0.75
0.75
0.75
0.75
0.75
0.75
0.75
0.75
0.75
0.75
0.75
0.75
0.75
0.75
0.75
0.75
0.75
0.75
0.75
0.75
0.75
0.75
0.75
0.75
0.75
0.75
0.75
0.90
0.75
0.75
0.75
0.75
0.75
0.75
0.75
0.75
0.75
0.75
0.75
0.75
0.75
0.75
0.75
0.75
0.75
0.75
0.75
0.75
0.75
0.75
0.75
0.75
0.75
0.75
0.75
0.75
0.75
0.75
0.75
0.75
0.75
0.75
0.75
0.75
0.75
0.75
0.75
0.75
0.75
0.75
0.75
0.75
0.75
0.75
0.75
0.75
0.75
0.75
0.75
0.75
0.75
0.75
0.75
0.75
0.75
0.75
0.75
0.75
0.75
0.75
0.75
0.75
0.75
0.75
0.75
0.75
0.75
0.75
0.75
0.75
0.75
0.75
0.75
0.75
0.75
0.75
0.75
0.75
0.75
0.75
0.75
0.75
0.75
0.75
0.75
0.75
0.75
0.75
0.75
0.75
0.75
0.75
0.75
0.75
0.75
0.75
0.75
0.75
0.75
0.75
0.75
0.75
0.75
0.75
0.75
0.75
0.75
0.75
0.75
0.75
0.75
0.75
0.75
0.75
0.75
0.75
0.75
0.75
0.75
0.75
0.75
0.75
0.75
0.75
0.75
0.75
0.75
0.75
0.75
0.75
0.75
0.75
0.75
0.75
0.75
0.75
0.75
0.76
0.76
0.76
0.75
0.75
0.73
0.72
