0.71
0.65
0.75
0.74
0.73
0.76
0.51
0.25
0.17
0.21
0.34
0.49
0.64
0.75
0.76
0.75
0.81
0.86
0.82
0.74
0.84
0.88
0.80
0.80
0.87
0.86
0.84
0.86
0.87
0.81
0.79
0.83
0.81
0.80
0.79
0.79
0.79
0.79
0.79
0.79
0.79
0.79
0.79
0.79
0.78
0.78
0.78
0.77
0.77
0.76
0.76
0.76
0.75
0.75
0.75
0.74
0.75
0.75
0.75
0.76
0.77
0.77
0.75
0.73
0.73
0.72
0.72
0.72
0.72
0.71
0.71
0.71
0.72
0.72
0.71
0.70
0.71
0.71
0.71
0.72
0.70
0.69
0.71
0.74
0.75
0.77
0.74
0.72
0.73
0.74
0.74
0.73
0.73
0.73
0.72
0.70
0.70
0.70
0.69
0.69
0.68
0.77
0.78
0.78
0.77
0.76
0.76
0.77
0.76
0.75
0.73
0.70
0.69
0.69
0.72
0.75
0.76
0.76
0.75
0.74
0.73
0.70
0.70
0.68
0.66
0.65
0.66
0.67
0.69
0.73
0.75
0.74
0.76
0.77
0.76
0.75
0.78
0.81
0.79
0.78
0.79
0.78
0.77
0.76
0.75
0.71
0.72
0.72
0.70
0.68
0.68
0.70
0.69
0.67
0.66
0.64
0.65
0.67
0.70
0.73
0.73
0.72
0.72
0.72
0.73
0.74
0.73
0.72
0.73
0.73
0.74
0.74
0.75
0.76
0.77
0.76
0.74
0.74
0.73
0.69
0.67
0.66
0.66
0.67
0.68
0.67
0.69
0.71
0.68
0.66
0.63
0.61
0.62
0.62
0.64
0.66
0.67
0.68
0.69
0.69
0.65
0.61
0.61
0.61
0.64
0.66
0.65
0.63
0.60
0.58
0.59
0.61
0.67
0.72
0.70
0.67
0.69
0.72
0.73
0.73
0.73
0.73
0.71
0.69
0.69
0.70
0.71
0.73
0.73
0.73
0.72
0.72
0.70
0.68
0.67
0.67
0.68
0.69
0.71
0.73
0.73
0.73
0.73
0.73
0.71
0.69
0.70
0.70
0.71
0.72
0.71
0.71
0.71
0.71
0.71
0.70
0.69
0.69
0.67
0.71
0.72
0.67
0.64
0.70
0.66
0.64
0.66
0.72
0.75
0.75
0.70
0.66
0.63
0.62
0.63
0.64
0.63
0.61
0.59
0.58
0.63
0.68
0.71
0.72
0.70
0.69
0.69
0.69
0.67
0.62
0.58
0.58
0.63
0.68
0.71
0.71
0.68
0.66
0.57
0.50
0.46
0.47
0.53
0.60
0.61
0.61
0.67
0.72
0.75
0.75
0.69
0.66
0.64
0.64
0.63
0.64
0.64
0.65
0.64
0.63
0.65
0.67
0.67
0.67
0.70
0.73
0.72
0.72
0.74
0.76
0.77
0.77
0.77
0.75
0.73
0.72
0.70
0.69
0.69
0.68
0.69
0.71
0.73
0.72
0.71
0.71
0.71
0.70
0.69
0.69
0.67
0.67
0.69
0.72
0.75
0.77
0.78
0.79
0.79
0.79
0.79
0.80
0.80
0.80
0.79
0.78
0.78
0.78
0.78
0.78
0.78
0.79
0.79
0.75
0.73
0.73
0.74
0.76
0.76
0.76
0.77
0.78
0.80
0.82
0.83
0.84
0.83
0.84
0.84
0.83
0.82
0.80
0.79
0.78
0.78
0.78
0.78
0.78
0.78
0.78
0.78
0.78
0.78
0.80
0.82
0.84
0.84
0.81
0.80
0.81
0.81
0.81
0.82
0.84
0.81
0.75
0.65
0.68
0.73
0.71
0.68
0.56
0.55
0.57
0.59
0.61
0.60
0.60
0.60
0.60
0.58
0.58
0.63
0.68
0.71
0.73
0.72
0.71
0.72
0.72
0.70
0.69
0.70
0.70
0.67
0.65
0.65
0.64
0.63
0.63
0.64
0.64
0.63
0.62
0.63
0.63
0.66
0.68
0.70
0.69
0.60
0.48
0.65
0.63
0.64
0.67
0.72
0.76
0.75
0.72
0.73
0.74
0.71
0.67
0.64
0.61
0.59
0.60
0.61
0.61
0.63
0.63
0.66
0.68
0.69
0.70
0.66
0.63
0.65
0.68
0.68
0.68
0.67
0.67
0.70
0.72
0.74
0.74
0.72
0.71
0.73
0.73
0.73
0.72
0.75
0.77
0.78
0.77
0.78
0.77
0.74
0.70
0.70
0.69
0.69
0.68
0.67
0.65
0.64
0.64
0.63
0.63
0.63
0.61
0.58
0.56
0.57
0.60
0.65
0.67
0.65
0.62
0.63
0.64
0.64
0.65
0.61
0.59
0.61
0.65
0.71
0.72
0.67
0.62
0.61
0.61
0.60
0.59
0.53
0.48
0.46
0.45
0.42
0.40
0.44
0.49
0.57
0.62
0.61
0.59
0.66
0.75
0.82
0.85
0.79
0.78
0.81
0.82
0.82
0.81
0.78
0.77
0.79
0.79
0.78
0.79
0.80
0.80
0.80
0.81
0.81
0.82
0.80
0.80
0.80
0.80
0.81
0.81
0.79
0.77
0.76
0.76
0.75
0.75
0.76
0.76
0.77
0.76
0.76
0.77
0.78
0.80
0.82
0.83
0.83
0.82
0.80
0.78
0.76
0.71
0.67
0.65
0.65
0.65
0.65
0.66
0.70
0.75
0.76
0.75
0.75
0.74
0.75
0.76
0.76
0.76
0.75
0.74
0.75
0.75
0.74
0.73
0.73
0.75
0.76
0.77
0.76
0.75
0.76
0.76
0.77
0.77
0.78
0.79
0.78
0.78
0.78
0.78
0.78
0.78
0.78
0.78
0.78
0.94
0.78
0.78
0.79
0.80
0.79
0.78
0.78
0.78
0.78
0.78
0.78
0.78
0.78
0.78
0.78
0.78
0.78
0.79
0.80
0.79
0.78
0.78
0.78
0.78
0.78
0.78
0.80
0.80
0.79
0.78
0.78
0.78
0.78
0.78
0.78
0.78
0.78
0.78
0.78
0.78
0.78
0.78
0.78
0.78
0.78
0.78
0.78
0.79
0.81
0.82
0.82
0.80
0.80
0.82
0.82
0.81
0.79
0.80
0.81
0.81
0.80
0.79
0.78
0.78
0.78
0.78
0.78
0.78
0.78
0.78
0.78
0.78
0.78
0.78
0.78
0.78
0.78
0.78
0.80
0.81
0.82
0.80
0.79
0.79
0.78
0.78
0.78
0.78
0.78
0.78
0.78
0.78
0.78
0.77
0.77
0.77
0.77
0.77
0.77
0.78
0.78
0.78
0.79
0.81
0.85
0.90
0.92
0.92
0.92
0.92
0.91
0.89
0.90
0.90
0.90
0.89
0.92
0.92
0.91
0.88
0.80
0.75
0.73
0.71
0.70
0.69
0.78
0.82
0.82
0.81
0.82
0.82
0.80
0.78
0.77
0.76
0.74
0.71
0.68
0.66
0.65
0.64
0.63
0.63
0.62
0.59
0.55
0.52
0.50
0.52
0.56
0.59
0.61
0.62
0.60
0.61
0.64
0.65
0.62
0.60
0.65
0.68
0.65
0.64
0.62
0.60
0.65
0.68
0.65
0.63
0.65
0.67
0.68
0.68
0.66
0.66
0.67
0.68
0.68
0.69
0.70
0.71
0.70
0.70
0.72
0.74
0.73
0.73
0.73
0.73
0.74
0.74
0.71
0.70
0.70
0.68
0.64
0.63
0.67
0.69
0.67
0.65
0.66
0.68
0.65
0.64
0.65
0.67
0.65
0.65
0.68
0.71
0.72
0.74
0.76
0.76
0.74
0.74
0.75
0.75
0.75
0.75
0.73
0.72
0.72
0.73
0.73
0.72
0.67
0.64
0.63
0.61
0.59
0.57
0.56
0.58
0.60
0.62
0.64
0.65
0.64
0.60
0.54
0.50
0.51
0.52
0.47
0.46
0.52
0.59
0.64
0.66
0.63
0.62
0.62
0.62
0.62
0.63
0.65
0.68
0.67
0.66
0.66
0.65
0.63
0.62
0.62
0.61
0.56
0.56
0.64
0.72
0.76
0.74
0.80
0.77
0.76
0.77
0.77
0.72
0.66
0.64
0.64
0.64
0.65
0.66
0.67
0.67
0.64
0.63
0.65
0.66
0.67
0.67
0.68
0.67
0.66
0.65
0.66
0.66
0.64
0.63
0.61
0.60
0.61
0.63
0.60
0.57
0.51
0.48
0.50
0.54
0.58
0.57
0.56
0.55
0.57
0.59
0.60
0.59
0.56
0.55
0.59
0.63
0.63
0.63
0.62
0.62
0.62
0.62
0.62
0.64
0.66
0.69
0.71
0.72
0.71
0.71
0.72
0.72
0.73
0.73
0.73
0.71
0.72
0.71
