1.15
1.16
1.16
1.16
1.16
1.14
1.15
1.05
0.90
0.92
0.97
0.97
0.94
0.97
0.89
0.96
0.88
0.81
0.79
0.73
0.68
0.68
0.72
0.75
0.78
0.87
0.95
0.99
1.01
1.07
1.14
1.11
1.09
1.11
1.11
1.12
1.12
1.10
1.10
1.09
1.09
1.11
1.12
1.12
1.12
1.10
1.09
1.10
1.11
1.12
1.12
1.10
1.08
1.08
1.08
1.09
1.09
1.09
1.11
1.13
1.14
1.14
1.12
1.11
1.07
1.05
1.04
1.04
1.03
0.99
0.96
0.95
0.94
0.95
0.98
0.99
1.01
1.01
0.98
0.96
0.96
0.94
0.91
0.92
0.93
0.91
0.89
0.85
0.82
0.85
0.88
0.86
0.85
0.88
0.91
0.92
0.93
0.94
0.97
1.04
1.08
1.04
1.01
1.01
1.00
1.01
1.00
0.97
0.93
0.94
0.95
0.92
0.90
0.89
0.87
0.90
0.95
0.94
0.93
0.95
0.95
0.92
0.90
0.92
0.95
0.99
1.02
1.03
1.02
1.01
0.99
0.99
1.03
1.05
1.07
1.10
1.08
0.94
0.69
0.78
0.76
0.69
0.29
0.37
0.50
0.71
0.83
0.85
0.73
0.67
0.58
0.47
0.48
0.63
0.76
0.84
0.92
0.95
0.90
0.97
1.08
1.03
0.95
0.88
0.81
0.79
0.82
0.85
0.89
0.97
1.01
1.02
1.05
1.02
1.01
0.98
0.97
0.98
0.98
1.00
1.01
0.98
0.95
0.91
0.88
0.92
0.96
0.94
0.91
0.92
0.93
0.93
0.94
0.92
0.91
0.94
0.98
0.99
0.81
0.74
0.85
0.94
1.02
1.08
1.10
1.10
1.13
1.04
1.07
1.03
0.78
0.87
0.93
1.00
1.06
1.08
1.10
1.11
1.14
1.15
1.16
1.16
1.07
1.09
1.13
1.12
1.09
1.09
1.08
1.06
1.06
1.06
1.08
1.12
1.15
1.16
1.39
1.18
1.17
1.15
1.12
1.13
1.15
1.15
1.15
1.17
1.21
1.20
1.19
1.19
1.19
1.17
1.16
1.14
1.14
1.15
1.13
1.12
1.12
1.12
1.12
1.12
1.14
1.16
1.16
1.15
1.17
1.20
1.21
1.19
1.18
1.20
1.23
1.24
1.23
1.22
1.22
1.22
1.21
1.20
1.18
1.14
1.09
1.06
1.03
1.02
1.03
1.03
1.03
1.04
1.06
1.08
1.10
1.09
1.09
1.11
1.13
1.12
1.15
1.17
1.16
1.18
1.20
1.18
1.17
1.18
1.18
1.15
1.11
1.09
1.09
1.09
1.09
1.07
1.06
1.04
1.04
1.02
0.99
0.96
0.91
0.83
0.81
0.83
0.85
0.88
0.90
0.89
0.89
0.87
0.86
0.90
0.94
0.95
0.96
0.92
0.87
0.83
0.81
0.89
0.95
0.90
0.88
0.87
0.86
0.90
0.90
0.86
0.84
0.88
0.90
0.95
1.00
1.05
1.07
1.04
1.00
0.96
0.97
0.96
0.97
0.94
0.95
0.98
1.00
0.99
0.97
0.97
0.98
1.02
1.06
1.08
1.09
1.06
1.03
1.01
1.01
1.00
0.97
0.95
0.92
0.88
0.84
0.83
0.85
0.88
0.84
0.82
0.81
0.85
0.89
0.91
0.92
0.96
1.01
1.07
1.04
1.03
1.00
0.97
0.98
1.01
1.01
0.95
0.94
0.98
1.01
1.00
0.98
0.96
0.94
0.91
0.90
0.90
0.91
0.92
0.94
1.00
1.04
1.06
1.05
1.05
1.05
1.05
1.04
1.03
1.03
1.03
1.06
1.08
1.05
1.02
0.98
0.96
0.95
0.95
0.96
0.97
0.98
0.99
1.00
1.02
1.02
1.02
1.02
1.02
1.02
1.03
1.08
1.11
1.11
1.10
1.11
1.14
1.12
0.75
0.36
0.45
0.61
0.84
1.00
1.04
1.02
1.03
1.02
0.97
0.93
0.93
0.93
0.93
0.95
0.95
0.95
0.98
0.97
0.95
0.93
0.90
0.88
0.91
0.95
0.96
0.95
0.89
0.86
0.88
0.89
0.93
0.93
0.93
0.94
0.93
0.92
0.91
0.91
0.91
0.91
0.94
0.97
0.99
1.00
1.01
1.02
1.02
1.02
1.01
0.99
0.96
0.94
0.95
0.95
0.96
0.96
0.99
1.01
0.96
0.94
0.98
1.00
0.97
0.96
1.00
1.03
1.02
1.01
1.00
1.00
0.98
0.97
0.95
0.95
0.97
0.99
0.98
0.97
0.97
0.97
0.99
1.00
1.01
1.02
1.01
1.01
1.04
1.06
1.04
1.02
0.99
0.98
0.98
0.98
0.94
0.91
0.88
0.86
0.86
0.87
0.87
0.87
0.84
0.82
0.81
0.79
0.77
0.76
0.78
0.78
0.74
0.71
0.65
0.63
0.67
0.70
0.73
0.75
0.86
0.93
0.95
0.94
0.85
0.83
0.82
0.78
0.73
0.72
0.70
0.72
0.82
0.88
0.84
0.79
0.76
0.73
0.70
0.71
0.80
0.85
0.84
0.84
0.77
0.72
0.68
0.68
0.75
0.82
0.90
0.95
0.91
0.89
0.94
0.99
0.94
0.73
0.62
0.60
0.62
0.60
0.59
0.65
0.65
0.68
0.70
0.68
0.67
0.73
0.81
0.87
0.81
0.77
0.83
0.88
0.87
0.85
0.84
0.80
0.75
0.72
0.66
0.66
0.76
0.85
0.91
0.96
0.93
0.84
0.81
0.81
0.80
0.81
0.84
0.86
0.78
0.72
0.73
0.75
0.74
0.73
0.71
0.73
0.79
0.84
0.88
0.92
0.97
0.99
0.99
0.96
0.89
0.85
0.90
0.94
0.87
0.80
0.83
0.85
0.87
0.86
0.84
0.82
0.81
0.81
0.74
0.71
0.79
0.84
0.81
0.79
0.82
0.85
0.89
0.95
0.97
0.96
0.95
0.96
1.00
1.06
1.07
1.07
1.07
1.08
1.14
1.18
1.20
1.21
1.19
1.17
1.15
1.14
1.12
1.10
1.09
1.09
1.08
1.09
1.09
1.09
1.07
1.07
1.07
1.06
1.03
1.02
1.03
1.05
1.05
1.07
1.09
1.13
1.14
1.12
1.13
1.12
1.11
1.10
1.07
1.06
1.05
1.08
1.10
1.10
1.14
1.12
1.13
1.09
1.05
1.07
1.07
1.06
1.05
1.04
1.04
1.04
1.04
1.04
1.03
1.03
1.05
1.06
1.07
1.07
1.07
1.07
1.07
1.08
1.08
1.09
1.12
1.12
1.13
1.12
1.12
1.08
1.06
1.05
1.04
1.04
1.04
1.04
1.05
1.05
1.04
1.04
1.04
1.04
1.06
1.07
1.05
1.03
1.00
0.99
1.04
1.05
1.04
1.00
0.97
0.96
0.93
0.90
0.83
0.80
0.87
0.92
0.93
0.92
0.92
0.91
0.90
0.87
0.82
0.76
0.71
0.67
0.71
0.76
0.71
0.69
0.75
0.74
0.64
0.57
0.59
0.59
0.55
0.54
0.57
0.61
0.58
0.66
0.87
0.98
0.91
0.88
0.94
0.96
0.91
0.85
0.91
0.98
0.59
0.74
0.58
0.57
0.58
0.67
0.82
0.91
0.94
0.97
1.02
1.06
1.03
1.02
1.02
1.02
1.07
1.09
1.06
1.05
1.04
1.03
1.00
0.99
1.03
1.05
1.05
1.04
1.02
1.02
1.05
1.06
1.04
1.03
1.05
1.04
1.01
0.99
0.98
0.97
0.95
0.94
0.96
0.97
0.97
0.97
0.98
0.99
1.00
0.99
0.99
0.99
0.99
1.00
1.03
1.06
1.06
1.07
1.09
1.08
1.07
1.07
1.08
1.09
1.10
1.11
1.13
1.15
1.16
1.13
1.09
1.05
1.02
1.01
1.00
1.00
0.98
0.97
0.98
0.99
1.01
1.04
1.09
1.13
1.13
1.14
1.12
1.10
1.05
1.02
1.03
1.03
1.05
1.07
1.06
1.06
1.06
1.07
1.10
1.12
1.12
1.12
1.10
1.08
1.08
1.10
1.08
1.05
1.04
1.02
1.00
1.00
0.98
0.96
0.97
0.97
0.96
0.95
0.94
0.93
0.90
0.87
0.88
0.88
0.92
0.94
0.89
0.86
0.86
0.86
0.89
0.90
0.90
0.90
0.95
0.98
0.94
0.90
0.87
0.85
0.92
0.95
0.88
0.83
0.86
0.88
0.85
0.84
0.87
0.90
0.92
0.93
0.93
0.93
0.90
0.89
0.88
0.88
0.87
0.85
0.85
