0.73
0.71
0.74
0.77
0.86
0.92
0.84
0.76
0.79
0.82
0.76
0.73
0.80
0.85
0.85
0.77
0.78
0.77
0.65
0.62
0.67
0.70
0.71
0.73
0.71
0.74
0.76
0.79
0.77
0.76
0.81
0.87
0.93
0.92
0.74
0.62
0.75
0.83
0.79
0.78
0.88
0.96
0.86
0.70
0.71
0.89
1.00
1.01
0.86
0.77
0.83
0.87
0.87
0.86
0.81
0.79
0.74
0.73
0.82
0.88
0.93
0.94
0.89
0.87
0.95
1.01
0.94
0.92
1.01
1.11
1.08
1.06
1.12
1.19
1.15
1.12
1.10
1.08
1.05
1.01
1.06
1.07
0.99
0.93
0.93
0.92
0.85
0.79
0.86
0.93
0.95
0.94
0.87
0.84
0.87
0.93
0.97
1.01
0.96
0.89
0.86
0.86
0.91
0.94
1.06
1.20
1.17
1.10
1.07
1.04
0.99
0.95
0.86
0.80
0.82
0.83
0.77
0.73
0.73
0.74
0.69
0.66
0.70
0.75
0.83
0.87
0.88
0.91
0.82
0.75
0.75
0.75
0.79
0.80
0.71
0.67
0.68
0.72
0.82
0.86
0.86
0.81
0.70
0.63
0.62
0.63
0.67
0.68
0.67
0.66
0.64
0.65
0.72
0.75
0.74
0.70
0.64
0.63
0.70
0.79
1.00
1.19
1.27
1.32
1.31
1.30
1.25
1.21
1.17
1.13
1.14
1.14
1.15
1.17
1.17
1.18
1.17
1.17
1.20
1.22
1.25
1.29
1.23
0.96
1.15
1.18
1.26
1.33
1.34
1.34
1.31
1.29
1.32
1.36
1.39
1.40
1.38
1.36
1.32
1.29
1.27
1.27
1.27
1.27
1.27
1.28
1.28
1.29
1.30
1.31
1.32
1.28
0.69
0.58
0.66
0.91
1.13
1.25
1.27
0.97
0.14
0.23
0.35
0.68
1.05
1.32
1.48
1.56
1.52
1.48
1.51
1.54
1.46
1.34
1.22
1.14
1.12
1.13
1.11
1.07
1.05
1.06
1.06
1.06
1.07
1.09
1.17
1.23
1.22
1.21
1.22
1.24
1.18
1.13
1.10
0.98
0.95
1.02
1.11
1.20
1.25
1.29
1.35
1.38
1.39
1.40
1.39
1.37
1.35
1.34
1.37
1.40
1.42
1.21
1.17
1.28
1.35
1.39
1.41
1.40
1.39
1.40
1.39
1.38
1.38
1.38
1.37
1.36
1.36
1.36
1.35
1.33
1.31
1.30
1.30
1.29
1.29
1.28
1.29
1.26
1.23
1.18
1.14
1.14
1.11
1.05
0.99
0.92
0.82
0.78
0.68
0.51
0.39
0.27
0.08
0.08
0.16
0.23
0.23
0.20
0.32
0.48
0.56
0.53
0.26
0.03
0.30
0.61
0.63
0.59
0.56
0.56
0.59
0.59
0.76
0.82
0.69
0.43
0.31
0.45
0.57
0.65
0.53
0.49
0.58
0.48
0.52
0.60
0.58
0.57
0.53
0.32
0.28
0.42
0.49
0.63
0.92
1.07
1.09
1.08
0.83
0.58
0.61
0.69
0.62
0.60
0.75
0.83
0.88
0.95
1.04
1.07
0.80
1.00
0.94
1.02
1.24
1.37
1.41
1.42
1.41
1.38
1.37
1.36
1.36
1.35
1.39
1.40
1.39
1.42
1.46
1.44
1.41
1.40
1.43
1.46
1.45
1.44
1.45
1.45
1.45
1.45
1.46
1.48
1.47
1.48
1.47
1.46
1.45
1.44
1.44
1.45
1.46
1.45
1.45
1.46
1.45
1.45
1.45
1.47
1.46
1.45
1.46
1.46
1.47
1.42
1.43
1.46
1.45
1.44
1.44
1.44
1.44
1.44
1.44
1.45
1.44
1.45
1.48
1.47
1.38
1.44
1.45
1.44
1.44
1.44
1.44
1.44
1.44
1.44
1.44
1.44
1.44
1.44
1.45
1.44
1.44
1.45
1.45
1.44
1.44
1.44
1.43
1.46
1.46
1.46
1.43
1.39
1.47
1.48
1.46
1.46
1.43
1.43
1.45
1.37
1.43
1.44
1.44
1.43
1.42
1.41
1.40
1.39
1.38
1.38
1.39
1.38
1.14
1.20
1.24
1.27
1.32
1.34
1.35
1.37
1.38
1.39
1.40
1.41
1.40
1.40
1.40
1.42
1.43
1.43
1.44
1.43
1.41
1.41
1.41
1.38
1.37
1.35
1.32
1.28
1.23
1.21
1.20
1.19
1.17
1.14
1.14
1.15
1.18
1.22
1.26
1.31
1.35
1.42
1.46
1.48
1.33
1.21
0.50
0.21
0.30
0.45
0.59
0.71
0.96
1.12
1.22
1.29
1.26
1.21
1.26
1.30
1.25
1.23
1.19
1.04
1.21
1.29
1.29
1.27
1.28
1.29
1.29
1.29
1.29
1.29
1.31
1.31
1.31
1.33
1.36
1.39
1.38
1.35
1.33
1.32
1.34
1.35
1.34
1.34
1.35
1.35
1.36
1.36
1.35
1.35
1.36
1.37
1.38
1.40
1.41
1.41
1.42
1.45
1.45
1.37
1.25
1.26
1.28
1.21
1.15
1.12
1.13
1.18
1.20
1.20
1.08
0.74
0.84
0.98
1.04
1.10
1.16
1.20
1.25
1.31
1.00
0.62
0.34
0.12
0.07
0.08
0.11
0.58
0.82
0.88
0.95
1.03
1.15
1.34
1.46
1.49
1.00
0.99
1.16
1.14
0.93
0.67
0.23
0.24
0.34
0.61
0.91
1.11
1.21
1.24
1.10
0.98
0.80
0.68
0.70
0.79
0.80
0.96
1.01
0.95
0.84
0.85
0.58
1.02
1.16
1.24
1.31
1.35
1.38
1.40
1.41
1.41
1.40
1.42
1.43
1.44
1.45
1.47
1.37
1.24
1.39
1.39
1.40
1.40
1.36
1.26
1.01
1.05
1.07
1.13
1.17
1.15
1.20
1.23
1.28
1.30
1.28
1.24
1.25
1.28
1.31
1.32
1.31
1.31
1.34
1.38
1.43
1.46
1.47
1.44
1.40
1.43
1.45
1.48
1.51
1.53
1.53
1.32
1.19
1.26
1.24
1.36
1.43
1.43
1.48
1.51
1.50
1.44
1.48
1.49
1.49
1.47
1.46
1.46
1.48
1.51
1.51
1.49
1.47
1.45
1.45
1.44
1.44
1.45
1.44
1.44
1.44
1.44
1.44
1.44
1.45
1.47
1.48
1.48
1.50
1.47
1.45
1.45
1.44
1.44
1.44
1.44
1.42
1.39
1.37
1.40
1.43
1.41
1.42
1.41
1.37
1.30
1.26
1.21
1.16
1.13
1.13
1.15
1.18
1.21
1.25
1.23
1.23
1.28
1.31
1.32
1.38
1.43
1.26
1.14
1.27
1.22
1.02
1.08
1.13
1.18
1.26
1.31
1.33
1.33
1.34
1.37
1.41
1.44
1.48
1.52
1.51
1.53
1.54
1.53
1.54
1.55
1.52
1.53
1.51
1.49
1.49
1.50
1.50
1.38
1.42
1.41
1.42
1.43
1.45
1.46
1.45
1.44
1.44
1.44
1.45
1.45
1.45
1.46
1.45
1.44
1.44
1.44
1.44
1.44
1.44
1.44
1.44
1.46
1.47
1.47
1.44
1.30
1.40
1.41
1.42
1.42
1.35
1.30
1.28
1.25
1.23
1.22
1.25
1.31
1.31
1.26
1.20
1.13
1.06
1.03
1.05
1.09
1.20
1.29
1.35
1.38
1.41
1.43
1.45
1.46
1.48
1.52
1.54
1.53
1.06
0.49
0.37
0.50
0.97
1.25
1.33
1.33
1.36
1.39
1.40
1.40
1.44
1.47
1.45
1.46
1.49
1.25
1.14
1.25
1.31
1.35
1.39
1.43
1.48
1.50
1.49
1.49
1.50
1.52
1.51
1.50
1.49
1.47
1.46
1.45
1.44
1.44
1.44
1.44
1.44
1.44
1.44
1.44
1.44
1.44
1.44
1.44
1.44
1.45
1.46
1.48
1.48
1.49
1.48
1.47
1.45
1.37
1.29
1.23
0.96
1.08
1.19
1.11
1.19
1.16
1.18
1.31
1.32
0.96
1.10
1.30
1.37
1.41
1.41
1.20
1.11
0.99
0.86
0.94
1.03
0.99
0.86
1.01
1.00
0.99
1.00
0.98
0.94
0.94
0.92
0.96
1.09
1.18
1.14
1.12
1.22
1.29
1.31
1.27
1.17
1.12
1.12
1.13
1.13
1.11
1.05
1.02
1.03
1.04
0.95
0.89
0.92
0.91
0.81
0.78
0.88
0.96
0.93
0.83
0.78
0.79
0.85
0.89
0.84
0.84
0.93
1.02
1.00
1.00
0.78
0.79
0.88
0.93
0.95
1.06
1.16
1.18
1.11
1.08
1.16
1.18
1.10
1.06
0.99
0.97
1.06
1.16
1.20
1.22
1.33
1.39
1.34
1.21
1.06
0.90
0.78
0.75
0.79
0.86
0.96
1.04
1.08
1.11
1.18
1.24
1.25
1.34
1.42
1.44
1.42
1.41
1.42
1.44
1.43
1.43
1.45
1.46
1.47
1.49
1.49
1.51
1.52
1.51
1.53
1.53
1.47
1.49
1.47
1.45
1.44
1.45
1.48
1.50
1.50
1.50
1.49
1.46
1.45
1.45
1.44
1.44
1.44
1.44
1.44
1.47
1.53
1.40
