0.86
0.89
0.91
0.92
0.96
1.03
1.07
1.10
1.08
1.06
1.07
1.06
1.07
1.07
1.04
1.03
1.03
1.04
1.02
1.01
1.03
1.04
1.02
1.00
0.97
0.94
0.95
0.96
0.95
0.95
0.95
0.95
0.97
0.99
0.97
0.96
0.97
0.97
0.97
0.96
0.93
0.92
0.94
0.96
1.01
1.04
1.00
0.95
0.90
0.88
0.92
0.97
1.01
1.03
0.97
0.92
0.89
0.89
0.93
0.94
0.91
0.89
0.88
0.87
0.88
0.89
0.86
0.85
0.83
0.82
0.84
0.88
0.95
1.00
0.97
0.96
0.94
0.90
0.94
1.00
1.06
1.08
1.04
1.02
0.96
0.91
0.90
0.89
0.90
0.91
0.89
0.87
0.83
0.82
0.85
0.90
0.94
0.97
0.93
0.91
0.94
0.98
1.01
1.05
1.05
1.06
1.07
1.09
1.11
1.13
1.15
1.09
0.89
0.39
0.31
0.15
0.34
0.58
0.75
0.93
0.92
0.88
0.79
0.79
0.92
1.03
1.11
1.10
1.02
1.04
1.01
1.03
1.08
1.11
0.89
0.85
0.94
0.90
0.79
0.92
0.95
0.94
0.92
0.90
0.89
0.89
0.93
0.93
0.92
0.92
0.89
0.88
0.95
1.01
1.05
1.08
1.10
1.11
1.07
1.03
1.03
1.04
1.08
1.11
1.10
1.09
1.10
1.12
1.11
1.09
1.11
1.14
1.13
0.61
0.85
0.86
0.88
0.83
0.77
0.95
1.00
0.81
0.85
0.98
1.04
1.11
1.08
0.87
1.02
1.04
1.11
1.19
1.19
1.18
1.20
1.23
1.23
1.23
1.21
1.13
1.18
1.20
1.18
1.15
1.15
1.13
1.13
1.13
1.14
1.15
1.17
1.17
1.18
1.19
1.20
1.43
1.15
1.14
1.16
1.17
1.17
1.19
1.21
1.21
1.20
1.20
1.19
1.17
1.15
1.13
1.13
1.14
1.12
1.11
1.11
1.12
1.11
1.11
1.13
1.16
1.17
1.16
1.17
1.20
1.22
1.21
1.20
1.20
1.22
1.24
1.25
1.25
1.26
1.26
1.26
1.25
1.22
1.17
1.15
1.14
1.17
1.17
1.16
1.14
1.14
1.14
1.15
1.14
1.12
1.12
1.12
1.13
1.14
1.15
1.15
1.15
1.14
1.13
1.08
1.06
1.09
1.07
1.06
1.03
0.98
0.95
0.93
0.94
0.97
0.97
0.97
0.96
0.95
0.91
0.84
0.80
0.78
0.78
0.76
0.77
0.84
0.87
0.86
0.84
0.84
0.84
0.88
0.91
0.89
0.87
0.81
0.78
0.82
0.83
0.82
0.80
0.80
0.80
0.76
0.77
0.81
0.83
0.85
0.89
0.92
0.93
0.98
1.00
0.99
1.00
1.03
1.04
1.04
1.06
1.11
1.14
1.13
1.10
1.09
1.11
1.12
1.11
1.09
1.06
1.04
1.02
1.01
1.03
1.05
1.04
1.06
1.07
1.01
0.95
0.90
0.83
0.74
0.64
0.58
0.62
0.76
0.87
0.92
0.96
1.00
1.03
0.96
0.90
0.94
0.94
0.96
1.04
1.01
0.88
0.89
0.90
0.99
1.09
1.16
1.21
1.20
1.16
1.16
1.16
1.14
1.11
1.10
1.09
1.09
1.08
1.06
1.06
1.07
1.08
1.08
1.08
1.10
1.13
1.13
1.13
1.16
1.19
1.23
1.25
1.27
1.23
1.13
1.17
1.26
1.30
1.29
1.27
1.24
1.21
1.19
1.19
1.21
1.22
1.22
1.22
1.23
1.25
1.28
1.28
1.28
1.30
1.29
1.17
1.00
1.10
1.06
1.03
1.02
0.93
0.93
0.96
0.94
0.93
0.97
1.07
1.14
1.19
1.16
1.15
1.17
1.16
1.14
1.11
1.09
1.07
1.08
1.10
1.09
1.09
1.10
1.11
1.11
1.12
1.12
1.11
1.09
1.07
1.06
1.05
1.00
0.95
0.95
0.94
0.90
0.89
0.89
0.90
0.96
1.00
1.02
1.03
1.04
1.05
1.05
1.05
1.04
1.02
0.98
0.94
0.92
0.88
0.84
0.80
0.72
0.69
0.69
0.71
0.78
0.82
0.87
0.88
0.79
0.72
0.76
0.80
0.74
0.72
0.76
0.77
0.73
0.70
0.65
0.66
0.69
0.72
0.77
0.78
0.76
0.74
0.76
0.77
0.77
0.79
0.86
0.88
0.84
0.80
0.73
0.69
0.76
0.79
0.74
0.71
0.71
0.71
0.78
0.80
0.73
0.68
0.66
0.66
0.67
0.66
0.68
0.70
0.73
0.73
0.69
0.71
0.69
0.70
0.73
0.76
0.82
0.87
0.96
1.03
1.12
1.12
0.99
0.82
0.70
0.60
0.60
0.65
0.64
0.65
0.69
0.72
0.72
0.72
0.75
0.77
0.77
0.77
0.78
0.80
0.84
0.89
0.84
0.81
0.77
0.79
0.78
0.80
0.86
0.89
0.92
0.92
0.80
0.77
0.83
0.82
0.84
0.88
0.88
0.88
0.80
0.82
0.89
0.92
1.02
1.10
1.15
1.17
1.12
1.11
1.01
1.16
1.17
1.20
1.19
1.18
1.14
1.13
1.14
1.15
1.17
1.13
1.03
1.00
0.96
0.93
0.97
1.02
1.06
1.09
1.10
1.09
1.09
1.10
1.10
1.08
1.06
1.08
1.10
1.11
1.09
1.07
1.00
1.00
1.04
1.07
1.08
1.10
1.13
1.13
1.12
1.14
1.14
1.15
1.16
1.17
1.18
1.19
1.20
1.20
1.18
1.16
1.19
1.21
1.05
1.01
1.03
1.04
1.09
1.12
1.15
1.15
1.14
1.11
1.11
1.10
1.10
1.09
1.10
1.10
1.09
1.11
1.13
1.14
1.13
1.14
1.14
1.14
1.12
1.11
1.10
1.11
1.12
1.11
1.13
1.15
1.18
1.19
1.12
1.06
1.03
1.01
1.00
1.03
1.03
1.03
1.00
1.01
1.03
1.04
1.04
1.04
1.10
1.14
1.15
1.14
1.14
1.16
1.15
1.09
1.10
1.07
1.07
1.07
1.05
1.04
1.03
1.03
1.06
1.07
1.06
1.05
1.07
1.09
1.10
1.10
1.09
1.08
1.10
1.12
1.12
1.12
1.11
1.09
1.02
0.88
0.78
0.81
0.79
0.88
0.95
0.98
1.03
1.06
1.10
1.12
1.10
1.03
0.99
1.04
1.15
1.20
1.20
1.18
1.14
1.11
1.07
1.07
1.06
1.06
1.03
1.02
0.98
0.83
0.69
0.57
0.51
0.46
0.50
0.50
0.39
0.33
0.42
0.53
0.72
0.82
0.83
0.83
0.85
0.84
0.81
0.77
0.76
0.78
0.84
0.92
1.04
0.22
0.80
0.75
0.91
1.02
1.05
1.05
1.04
1.04
1.04
1.03
1.03
1.03
1.04
1.03
1.05
1.06
1.07
1.07
1.04
1.02
1.01
1.00
0.98
0.96
0.98
1.00
1.01
1.01
1.00
0.97
0.90
0.87
0.89
0.91
0.91
0.88
0.83
0.79
0.81
0.84
0.84
0.85
0.87
0.88
0.85
0.83
0.89
0.95
1.01
1.03
1.00
0.96
0.95
0.94
0.93
0.93
0.93
0.93
0.96
0.96
0.96
0.98
0.95
0.92
0.94
0.96
0.93
0.89
0.84
0.81
0.81
0.83
0.87
0.88
0.86
0.84
0.83
0.84
0.87
0.89
0.96
1.02
1.07
1.12
1.06
1.00
0.97
0.97
0.95
0.94
0.94
0.95
0.98
1.01
1.02
1.03
1.05
1.07
1.08
1.07
1.06
1.06
1.06
1.06
1.10
1.13
1.12
1.09
1.04
0.99
0.97
0.96
0.97
0.99
0.98
1.00
1.05
1.11
1.18
1.23
1.23
1.23
1.24
1.24
1.22
1.19
1.16
1.14
1.13
1.12
1.13
1.13
1.12
1.11
1.09
1.06
1.05
1.05
1.08
1.10
1.11
1.10
1.08
1.05
1.01
0.98
0.97
0.97
0.97
0.98
0.98
0.98
0.95
0.94
0.97
0.99
1.01
1.01
0.99
0.97
0.96
0.96
0.96
0.95
0.92
0.91
0.89
0.88
0.90
0.90
0.86
0.84
0.91
0.96
0.95
0.93
0.90
0.89
0.89
0.90
0.88
0.86
0.83
0.83
0.87
0.90
0.91
0.93
0.98
1.01
0.94
0.88
0.88
0.87
0.81
0.78
0.80
0.83
0.91
0.97
0.98
0.99
0.93
0.91
0.93
0.96
1.03
1.06
1.04
1.01
