0.36
0.71
0.88
0.96
1.02
1.07
1.05
1.07
1.08
1.08
1.08
1.08
1.08
1.08
1.08
1.08
1.08
1.08
1.08
1.08
1.08
1.08
1.08
1.08
1.08
1.08
1.08
1.08
1.08
1.08
1.08
1.08
1.08
1.08
1.08
1.08
1.08
1.08
1.08
1.08
1.08
1.08
1.08
1.08
1.08
1.08
1.08
1.08
1.08
1.08
1.08
1.08
1.08
1.08
1.08
1.08
1.08
1.08
1.08
1.08
1.08
1.08
1.08
1.08
1.08
1.08
1.08
1.08
1.08
1.08
1.08
1.08
1.08
1.08
1.08
1.08
1.08
1.08
1.08
1.08
1.08
1.08
1.08
1.08
1.08
1.09
1.09
1.11
1.10
1.10
1.10
1.09
1.08
1.08
1.08
1.08
1.08
1.08
1.08
1.08
1.08
1.08
1.08
1.08
1.08
1.08
1.08
1.08
1.08
1.08
1.08
1.08
1.08
1.08
1.08
1.08
1.08
1.08
1.08
1.08
1.08
1.10
1.11
1.03
0.96
1.04
1.06
1.08
1.09
1.11
1.11
1.11
1.11
1.07
0.84
0.68
0.54
0.40
0.24
0.10
0.05
0.07
0.07
0.07
0.05
0.08
0.07
0.13
0.13
0.08
0.11
0.05
0.04
0.11
0.11
0.11
0.11
0.10
0.12
0.14
0.17
0.18
0.18
0.17
0.22
0.26
0.30
0.33
0.10
0.01
0.01
0.03
0.09
0.05
0.02
0.02
0.05
0.05
0.02
0.02
0.09
0.06
0.01
0.01
0.06
0.02
0.02
0.02
0.01
0.10
0.11
0.02
0.06
0.08
0.05
0.04
0.06
0.03
0.02
0.03
0.09
0.06
0.04
0.02
0.02
0.03
0.05
0.07
0.02
0.11
0.09
0.01
0.01
0.03
0.05
0.04
0.06
0.08
0.09
0.03
0.06
0.05
0.04
0.06
0.08
0.04
0.02
0.04
0.06
0.07
0.03
0.05
0.07
0.05
0.03
0.05
0.01
0.02
0.11
0.06
0.03
0.02
0.07
0.08
0.01
0.02
0.03
0.04
0.01
0.06
0.16
0.07
0.08
0.08
0.05
0.08
0.08
0.06
0.03
0.02
0.03
0.02
0.03
0.05
0.10
0.04
0.04
0.01
0.06
0.02
0.05
0.03
0.04
0.07
0.03
0.03
0.11
0.11
0.02
0.05
0.03
0.03
0.01
0.07
0.05
0.02
0.11
0.10
0.03
0.03
0.03
0.05
0.54
0.85
0.96
0.97
0.91
0.87
0.83
0.74
0.72
0.73
0.82
0.90
0.83
0.80
0.89
0.95
0.89
0.80
0.83
0.88
0.90
0.90
0.90
0.52
0.93
0.94
0.92
0.87
0.83
0.81
0.79
0.81
0.90
0.97
1.00
1.01
1.01
1.03
1.02
1.02
1.02
1.02
1.03
1.03
1.03
1.02
1.02
1.01
1.00
0.99
0.97
0.96
0.96
0.95
0.97
0.98
0.97
0.97
0.99
1.00
1.01
1.02
1.04
1.04
1.02
1.00
0.99
0.99
0.99
0.97
0.94
0.94
0.96
0.97
0.95
0.95
0.93
0.93
0.93
0.94
0.94
0.95
0.97
0.99
0.99
1.01
1.01
1.04
1.09
1.07
0.98
0.94
1.01
1.01
1.00
1.01
1.03
1.04
1.06
1.08
1.07
1.07
1.07
1.06
1.06
1.08
1.11
1.11
1.10
1.07
1.04
1.03
1.02
1.01
1.02
1.02
1.02
1.02
1.03
1.05
1.07
1.08
1.07
1.06
1.07
1.08
1.06
1.04
1.01
0.97
0.96
0.99
1.03
1.06
0.90
0.68
0.50
0.39
0.29
0.25
0.23
0.21
0.19
0.17
0.15
0.14
0.13
0.12
0.12
0.11
0.10
0.10
0.10
0.10
0.10
0.10
0.10
0.10
0.11
0.11
0.13
0.13
0.13
0.13
0.14
0.14
0.14
0.14
0.13
0.12
0.12
0.12
0.12
0.11
0.11
0.11
0.11
0.11
0.12
0.12
0.12
0.12
0.12
0.12
0.12
0.12
0.13
0.13
0.13
0.13
0.13
0.14
0.14
0.14
0.15
0.15
0.15
0.16
0.16
0.16
0.17
0.17
0.17
0.14
0.06
0.13
0.26
0.30
0.25
0.19
0.22
0.12
0.02
0.01
0.06
0.06
0.02
0.01
0.07
0.06
0.03
0.03
0.01
0.03
0.03
0.04
0.02
0.03
0.07
0.08
0.02
0.04
0.05
0.02
0.02
0.09
0.04
0.06
0.05
0.04
0.03
0.03
0.06
0.04
0.02
0.03
0.04
0.05
0.03
0.04
0.04
0.03
0.09
0.11
0.10
0.05
0.03
0.04
0.08
0.09
0.03
0.02
0.01
0.08
0.01
0.01
0.07
0.06
0.03
0.02
0.08
0.03
0.05
0.06
0.05
0.03
0.07
0.00
0.03
0.03
0.03
0.04
0.03
0.02
0.08
0.04
0.04
0.02
0.05
0.02
0.04
0.05
0.05
0.01
0.03
0.05
0.07
0.06
0.04
0.03
0.06
0.02
0.01
0.07
0.02
0.04
0.05
0.02
0.04
0.04
0.08
0.07
0.04
0.05
0.03
0.03
0.03
0.01
0.10
0.06
0.38
0.70
0.53
0.40
0.60
0.78
0.76
0.78
0.87
0.85
0.63
0.39
0.25
0.18
0.20
0.38
0.72
0.90
1.00
1.01
0.96
0.92
0.90
0.91
0.93
0.95
0.95
0.95
0.93
0.92
0.93
0.94
0.96
0.98
0.99
0.99
1.00
1.00
0.98
0.95
0.93
0.92
0.94
0.77
0.92
0.91
0.86
0.82
0.78
0.70
0.68
0.67
0.71
0.77
0.85
0.88
0.91
0.95
0.96
0.96
0.95
0.90
0.89
0.88
0.93
0.97
1.02
1.02
0.98
0.94
0.91
0.90
0.87
0.84
0.84
0.85
0.86
0.89
0.92
0.94
0.95
0.95
0.98
1.00
0.98
0.98
1.04
1.08
1.10
1.11
1.11
0.99
0.95
1.01
1.08
1.06
1.08
1.17
1.13
1.12
1.10
1.08
1.07
1.07
1.07
1.08
1.08
1.08
1.09
1.12
1.12
1.10
1.09
1.09
1.09
1.09
1.09
1.08
1.08
1.08
1.08
1.09
1.09
1.09
1.09
1.09
1.09
1.09
1.09
1.09
1.09
1.09
1.09
1.09
1.09
1.09
1.09
1.09
1.09
1.09
1.09
1.09
1.09
1.09
1.09
1.09
1.09
1.09
1.09
1.09
1.08
1.08
1.08
1.08
1.08
1.08
1.07
1.07
1.06
1.06
1.05
1.04
1.04
1.04
1.03
1.03
1.03
1.03
1.04
1.04
1.04
1.05
1.05
1.05
1.05
1.06
1.06
1.07
1.11
1.07
0.81
0.91
0.98
1.03
1.07
1.08
1.11
1.11
1.11
1.10
1.10
1.09
0.66
1.09
1.09
1.08
1.08
1.08
1.08
1.08
1.08
1.08
1.08
1.08
1.08
1.07
1.07
1.07
1.06
1.06
1.06
1.06
1.05
1.05
1.05
1.05
1.05
1.05
1.04
1.04
1.04
1.03
1.04
1.04
1.03
1.03
1.03
1.03
1.04
1.04
1.06
1.06
1.06
1.06
1.08
1.09
1.09
1.09
1.09
1.08
1.08
1.09
1.08
1.08
1.08
1.08
1.08
1.08
1.08
1.08
1.08
1.08
1.08
1.08
1.08
1.08
1.08
1.08
1.08
1.08
1.08
1.08
1.08
1.08
1.08
1.08
1.08
1.08
1.08
1.08
1.08
1.08
1.08
1.08
1.08
1.08
1.08
1.08
1.08
1.08
1.08
1.08
1.08
1.08
1.08
1.08
1.08
1.08
1.08
1.08
1.08
1.08
1.08
1.08
1.08
1.08
1.08
1.08
1.08
1.08
1.08
1.08
1.08
1.08
1.08
1.08
1.08
1.08
1.08
1.08
1.07
1.06
1.05
1.05
1.04
1.04
1.04
1.04
1.05
1.07
1.07
1.07
1.08
1.08
1.08
1.08
1.08
1.08
1.08
1.08
1.08
1.08
1.08
1.08
1.08
1.08
1.08
1.08
1.08
1.08
1.08
1.08
1.08
1.08
1.08
1.08
1.08
1.08
1.08
1.08
1.08
1.08
1.08
1.08
1.08
1.08
1.08
1.08
1.08
1.08
1.08
1.08
1.08
1.08
1.08
1.08
1.08
1.08
1.08
1.08
1.08
1.08
1.08
1.08
1.08
1.08
1.08
1.08
1.08
1.08
1.08
1.08
1.08
1.08
1.08
1.08
1.08
1.08
