0.82
0.80
0.80
0.81
0.71
0.60
0.55
0.52
0.55
0.57
0.54
0.51
0.54
0.57
0.57
0.57
0.56
0.51
0.54
0.54
0.48
0.45
0.44
0.48
0.53
0.57
0.71
0.87
0.87
0.84
0.77
0.27
0.80
0.89
0.95
1.01
1.03
1.03
1.04
1.04
1.03
1.02
1.01
1.01
1.01
1.01
1.01
1.00
1.00
0.99
1.00
1.00
1.00
0.99
1.00
1.00
1.00
1.00
1.00
1.00
1.00
0.99
0.99
0.98
0.99
0.99
1.00
1.01
1.01
1.02
1.02
1.02
1.02
1.02
1.02
1.03
1.02
1.02
1.02
1.01
1.01
1.01
1.01
1.01
1.01
1.01
1.01
1.01
1.01
1.01
1.01
1.01
1.01
1.01
1.01
1.01
1.01
1.01
1.01
1.01
1.01
1.02
1.02
1.02
1.02
1.02
1.02
1.02
1.02
1.02
1.02
1.02
1.02
1.02
1.02
1.02
1.02
1.02
1.02
1.02
1.02
1.01
0.98
0.95
0.93
0.92
0.92
0.92
0.91
0.90
0.90
0.91
0.91
0.91
0.91
0.92
0.91
0.90
0.92
0.95
0.93
0.91
0.92
0.93
0.92
0.92
0.92
0.92
0.91
0.90
0.92
0.94
0.94
0.94
0.92
0.91
0.93
0.95
0.95
0.96
0.95
0.94
0.96
0.98
0.98
0.98
0.99
1.00
0.99
0.98
0.98
0.98
0.98
0.99
0.99
1.00
1.01
1.02
1.03
1.04
1.04
1.03
1.02
1.02
1.01
0.99
0.98
0.97
0.97
0.96
0.97
0.97
0.98
0.98
0.98
0.98
0.98
0.98
0.98
0.98
0.97
0.97
0.98
0.99
1.00
1.00
1.00
1.01
1.02
1.03
1.04
1.04
1.03
1.03
1.03
1.03
1.03
1.03
1.04
1.04
1.04
1.04
1.03
1.03
1.03
1.03
1.03
1.03
1.03
1.03
1.03
1.03
1.03
1.03
1.03
1.03
1.03
1.03
1.03
1.03
1.03
1.03
1.03
1.03
1.03
1.04
1.04
1.04
1.03
1.03
1.03
1.03
1.03
1.03
1.03
1.02
1.01
1.01
1.01
1.01
1.00
1.00
1.00
1.00
1.00
1.00
1.00
1.01
1.01
1.01
1.02
1.02
1.02
1.03
1.03
1.04
1.04
1.03
1.03
1.03
1.03
1.03
1.03
1.02
1.00
0.97
0.94
0.92
0.90
0.89
0.88
0.86
0.85
0.85
0.87
0.89
0.88
0.88
0.88
0.88
0.89
0.91
0.93
0.94
0.96
0.97
0.95
0.93
0.92
0.92
0.94
0.95
0.95
0.95
0.93
0.91
0.89
0.87
0.89
0.91
0.91
0.90
0.89
0.87
0.83
0.80
0.79
0.80
0.81
0.82
0.83
0.84
0.85
0.86
0.84
0.83
0.83
0.83
0.84
0.86
0.88
0.88
0.86
0.83
0.82
0.80
0.80
0.80
0.77
0.75
0.80
0.84
0.81
0.77
0.79
0.81
0.81
0.83
0.88
0.91
0.90
0.88
0.89
0.90
0.89
0.87
0.86
0.85
0.80
0.77
0.78
0.79
0.80
0.78
0.80
0.82
0.83
0.83
0.82
0.81
0.84
0.85
0.82
0.79
0.78
0.79
0.84
0.89
0.87
0.85
0.78
0.73
0.72
0.72
0.72
0.70
0.69
0.70
0.74
0.75
0.75
0.74
0.73
0.74
0.73
0.74
0.75
0.76
0.81
0.85
0.80
0.75
0.74
0.74
0.72
0.71
0.76
0.80
0.79
0.76
0.71
0.70
0.70
0.70
0.77
0.83
0.79
0.75
0.74
0.76
0.82
0.87
0.84
0.82
0.84
0.87
0.84
0.82
0.80
0.79
0.82
0.85
0.87
0.88
0.91
0.94
0.97
0.99
0.98
0.97
0.98
0.99
0.98
1.16
0.95
0.94
0.91
0.89
0.86
0.85
0.86
0.86
0.82
0.79
0.79
0.80
0.79
0.80
0.84
0.86
0.88
0.85
0.80
0.76
0.74
0.73
0.70
0.71
0.71
0.73
0.83
0.89
0.89
0.88
0.91
0.94
0.94
0.94
0.94
0.92
0.87
0.84
0.84
0.85
0.83
0.82
0.82
0.82
0.84
0.84
0.83
0.82
0.78
0.76
0.78
0.79
0.81
0.83
0.87
0.87
0.85
0.84
0.83
0.82
0.85
0.88
0.91
0.93
0.92
0.91
0.89
0.87
0.84
0.83
0.83
0.83
0.85
0.86
0.86
0.85
0.84
0.84
0.89
0.92
0.93
0.92
0.90
0.89
0.86
0.84
0.88
0.91
0.90
0.90
0.90
0.90
0.90
0.89
0.88
0.89
0.90
0.90
0.92
0.93
0.93
0.93
0.89
0.88
0.92
0.95
0.95
0.94
0.91
0.90
0.92
0.93
0.93
0.93
0.92
0.92
0.93
0.94
0.94
0.93
0.91
0.90
0.92
0.94
0.98
1.01
1.03
1.04
1.03
1.03
1.03
1.05
1.07
1.11
1.11
1.10
1.02
0.94
0.85
0.94
0.92
0.92
0.93
0.93
0.92
0.90
0.88
0.86
0.79
0.79
0.81
0.59
0.86
0.94
1.00
1.03
1.03
1.02
1.03
1.00
0.97
0.94
0.91
0.91
0.89
0.88
0.85
0.84
0.83
0.83
0.81
0.80
0.81
0.82
0.82
0.83
0.85
0.87
0.89
0.91
0.93
0.95
0.98
1.00
0.99
0.98
0.98
0.99
0.98
0.98
1.03
1.05
1.04
1.04
1.03
1.00
0.98
0.99
0.99
0.98
0.95
0.94
0.91
0.90
0.91
0.94
0.93
0.93
0.95
0.95
0.94
0.96
0.97
0.97
0.95
0.96
0.95
0.90
0.82
0.86
0.84
0.82
0.81
0.84
0.87
0.90
0.93
0.94
0.96
0.97
0.98
0.98
0.97
0.95
0.94
0.93
0.92
0.92
0.92
0.92
0.91
0.90
0.91
0.91
0.92
0.92
0.89
0.87
0.84
0.82
0.78
0.77
0.79
0.82
0.85
0.86
0.86
0.86
0.83
0.81
0.86
0.89
0.87
0.84
0.79
0.75
0.75
0.76
0.77
0.78
0.74
0.73
0.74
0.76
0.85
0.91
0.93
0.94
0.88
0.85
0.92
0.97
0.94
0.91
0.91
0.91
0.90
0.90
0.92
0.93
0.92
0.92
0.92
0.91
0.91
0.92
0.92
0.93
0.90
0.90
0.91
0.88
0.89
0.91
0.91
0.91
0.92
0.95
0.98
0.98
0.94
0.95
0.95
0.97
0.99
1.01
1.02
0.97
0.95
0.94
0.94
0.96
0.97
0.97
0.99
1.01
0.90
0.45
0.62
0.61
0.74
0.84
0.92
0.96
0.96
0.97
0.97
0.94
0.95
0.95
0.93
0.92
0.95
0.95
0.94
0.94
0.95
0.94
0.91
0.89
0.91
0.92
0.91
0.91
0.93
0.94
0.93
0.93
0.92
0.92
0.94
0.95
0.92
0.91
0.92
0.93
0.95
0.99
1.00
0.99
1.00
1.01
1.01
0.97
0.94
0.92
0.94
0.97
0.97
0.97
0.94
0.92
0.90
0.90
0.91
0.91
0.91
0.92
0.94
0.96
0.95
0.92
0.91
0.91
0.91
0.78
0.64
0.73
0.83
0.93
0.96
0.96
0.96
0.96
0.95
0.95
0.97
0.98
1.01
1.01
1.02
1.00
0.99
0.96
0.94
0.93
0.92
0.92
0.93
0.94
0.93
0.92
0.94
0.95
0.96
0.97
0.98
0.98
0.95
0.95
0.95
0.97
0.98
0.97
0.95
0.94
0.95
0.96
0.95
0.94
0.94
0.93
0.92
0.92
0.94
0.96
1.00
1.00
0.98
0.96
0.95
0.95
0.97
1.00
0.96
0.61
0.72
0.68
0.79
0.92
0.98
0.99
1.00
1.00
0.98
0.97
0.96
0.96
0.95
0.96
0.96
0.91
0.92
0.90
0.87
0.89
0.93
0.95
0.97
0.98
0.98
0.97
0.97
0.96
0.94
0.92
0.90
0.89
0.93
0.95
0.95
0.94
0.90
0.87
0.86
0.84
0.74
0.87
0.90
0.85
0.84
0.87
0.89
0.91
0.91
0.92
0.93
0.89
0.72
0.92
0.94
0.92
0.93
0.94
0.94
0.94
0.95
0.95
0.92
0.90
0.88
0.88
0.81
0.16
0.34
0.21
0.09
0.24
0.29
0.40
0.44
0.52
0.66
0.71
0.85
0.95
0.94
0.95
0.93
0.90
0.84
0.72
0.79
0.83
0.75
0.75
