0.12
0.01
0.03
0.03
0.18
0.29
0.08
0.44
0.43
0.25
0.16
0.07
0.13
0.23
0.25
0.03
0.17
0.22
0.15
0.06
0.07
0.14
0.15
0.17
0.33
0.52
0.62
0.73
0.57
0.39
0.51
0.66
0.71
0.75
0.57
0.25
0.15
0.14
0.22
0.39
0.37
0.31
0.39
0.47
0.50
0.56
0.65
0.75
0.64
0.50
0.57
0.57
0.56
0.57
0.54
0.56
0.57
0.53
0.50
0.49
0.56
0.62
0.55
0.48
0.37
0.31
0.43
0.56
0.57
0.58
0.73
0.88
0.90
0.91
0.94
0.98
0.98
0.97
0.58
0.94
0.90
0.88
0.85
0.83
0.82
0.81
0.82
0.82
0.82
0.82
0.81
0.81
0.80
0.80
0.80
0.79
0.80
0.81
0.81
0.80
0.79
0.76
0.75
0.76
0.76
0.77
0.75
0.73
0.71
0.71
0.71
0.71
0.73
0.75
0.78
0.80
0.78
0.77
0.81
0.83
0.82
0.80
0.82
0.83
0.84
0.84
0.82
0.81
0.83
0.85
0.87
0.88
0.90
0.91
0.93
0.94
0.94
0.93
0.92
0.92
0.90
0.89
0.89
0.90
0.91
0.91
0.90
0.88
0.88
0.88
0.88
0.88
0.88
0.89
0.89
0.90
0.90
0.90
0.91
0.92
0.92
0.92
0.92
0.91
0.91
0.90
0.89
0.89
0.89
0.90
0.90
0.90
0.90
0.91
0.91
0.87
0.85
0.83
0.82
0.81
0.81
0.82
0.84
0.85
0.87
0.88
0.89
0.89
0.91
0.92
0.93
0.93
0.93
0.93
0.94
0.94
0.94
0.95
0.96
0.97
0.95
0.90
0.81
0.65
0.44
0.28
0.16
0.09
0.08
0.10
0.20
0.29
0.21
0.11
0.16
0.25
0.17
0.06
0.01
0.03
0.12
0.14
0.17
0.29
0.29
0.29
0.12
0.12
0.16
0.20
0.04
0.02
0.29
0.56
0.56
0.48
0.17
0.02
0.01
0.01
0.03
0.02
0.03
0.03
0.04
0.07
0.14
0.20
0.21
0.17
0.09
0.03
0.06
0.06
0.05
0.04
0.06
0.04
0.00
0.04
0.06
0.06
0.05
0.08
0.06
0.03
0.01
0.01
0.05
0.04
0.03
0.02
0.03
0.03
0.09
0.08
0.03
0.05
0.05
0.04
0.03
0.03
0.02
0.06
0.01
0.02
0.07
0.05
0.03
0.03
0.06
0.05
0.02
0.03
0.04
0.04
0.05
0.06
0.04
0.03
0.05
0.04
0.04
0.03
0.04
0.05
0.04
0.03
0.07
0.05
0.09
0.05
0.06
0.02
0.07
0.08
0.05
0.07
0.04
0.04
0.25
0.45
0.61
0.71
0.57
0.46
0.51
0.59
0.69
0.79
0.76
0.73
0.67
0.63
0.63
0.65
0.65
0.65
0.65
0.51
0.67
0.70
0.72
0.59
0.17
0.42
0.37
0.43
0.61
0.75
0.85
0.92
0.92
0.90
0.86
0.88
0.85
0.80
0.79
0.80
0.78
0.77
0.75
0.73
0.75
0.76
0.78
0.80
0.80
0.79
0.77
0.72
0.74
0.76
0.72
0.70
0.72
0.69
0.59
0.29
0.40
0.54
0.73
0.78
0.80
0.86
0.86
0.85
0.87
0.88
0.88
0.88
0.85
0.83
0.85
0.86
0.84
0.83
0.85
0.88
0.89
0.89
0.88
0.86
0.84
0.82
0.82
0.82
0.82
0.83
0.84
0.85
0.83
0.81
0.80
0.80
0.80
0.79
0.69
0.56
0.62
0.68
0.73
0.77
0.76
0.74
0.79
0.82
0.79
0.76
0.77
0.79
0.76
0.75
0.75
0.75
0.74
0.73
0.71
0.69
0.72
0.75
0.77
0.78
0.75
0.73
0.72
0.72
0.74
0.76
0.77
0.77
0.78
0.78
0.76
0.74
0.76
0.77
0.77
0.76
0.78
0.77
0.81
0.83
0.83
0.82
0.74
0.68
0.64
0.63
0.65
0.69
0.72
0.72
0.75
0.79
0.76
0.74
0.77
0.79
0.81
0.82
0.85
0.89
0.92
0.94
0.94
0.94
0.95
0.96
0.94
0.93
0.94
0.96
0.97
0.98
0.98
0.98
0.97
0.87
0.82
0.83
0.86
0.92
0.94
0.91
0.94
1.03
1.05
0.83
0.46
0.51
0.62
0.80
0.91
0.96
1.00
1.02
0.98
0.97
0.97
0.99
0.99
1.01
1.04
1.07
1.06
1.07
1.06
1.04
1.00
0.98
0.99
0.99
0.99
0.98
0.99
0.99
1.00
1.00
1.02
1.04
1.03
1.03
1.04
1.02
0.99
0.98
0.97
0.94
0.91
0.95
0.94
0.91
0.89
0.88
0.88
0.87
0.86
0.84
0.81
0.81
0.80
0.81
0.83
0.88
0.89
0.89
0.89
0.89
0.94
0.94
0.92
0.91
0.88
0.86
0.87
0.88
0.87
0.87
0.87
0.87
0.86
0.85
0.84
0.84
0.85
0.85
0.86
0.87
0.86
0.85
0.86
0.87
0.88
0.89
0.87
0.86
0.86
0.88
0.90
0.91
0.91
0.91
0.92
0.94
0.95
0.96
0.95
0.95
0.94
0.94
0.94
0.94
0.94
0.94
0.94
0.94
0.94
0.94
0.94
0.94
0.94
0.93
0.91
0.91
0.90
0.89
0.89
0.90
0.91
0.92
0.93
0.94
0.94
0.94
0.94
0.94
0.94
0.94
0.94
0.94
0.94
0.93
0.93
0.92
0.91
0.89
0.88
0.86
0.85
0.85
0.86
0.87
0.88
0.92
0.94
0.93
0.93
0.95
0.94
0.93
0.92
0.92
0.92
0.92
0.92
0.92
0.92
0.92
0.92
0.92
0.92
0.93
0.93
0.93
0.93
0.94
0.94
0.94
0.94
0.94
0.94
0.93
0.94
0.94
0.94
0.94
0.94
0.94
0.94
0.94
0.94
0.94
0.94
0.92
0.95
0.98
0.98
0.96
0.97
0.98
0.96
0.93
0.96
0.99
0.98
0.96
0.96
0.98
0.91
0.29
0.45
0.39
0.49
0.67
0.82
0.92
0.94
1.02
1.06
1.06
1.05
1.03
1.03
1.03
1.02
1.01
1.01
1.02
1.00
0.93
0.83
0.16
0.17
0.39
0.46
0.47
0.57
0.69
0.77
0.83
0.83
0.77
0.63
0.40
0.20
0.05
0.06
0.09
0.13
0.23
0.34
0.27
0.30
0.23
0.33
0.54
0.71
0.80
0.71
0.61
0.66
0.73
0.85
0.95
0.90
0.87
0.85
0.86
0.95
1.01
0.96
0.93
0.95
0.95
0.93
0.93
0.94
0.94
0.92
0.92
0.94
0.97
0.98
0.95
0.94
0.95
0.96
0.95
0.97
0.99
1.01
1.01
1.00
0.99
0.98
0.96
0.95
0.96
0.99
0.99
1.00
1.00
0.99
0.98
0.99
1.00
1.01
1.01
0.99
0.98
0.96
0.95
0.93
0.84
0.77
0.79
0.85
0.89
0.91
0.93
0.93
0.94
0.95
0.95
0.94
0.94
0.93
0.93
0.95
0.97
0.98
0.97
0.96
0.95
0.94
0.94
0.94
0.96
0.96
0.89
0.89
0.95
0.96
0.96
0.97
0.96
0.90
0.83
0.70
0.71
0.32
0.35
0.24
0.21
0.56
0.79
0.83
0.85
0.91
0.94
0.93
0.91
0.92
0.92
0.93
0.93
0.93
0.92
0.91
0.90
0.91
0.92
0.92
0.93
0.93
0.94
0.94
0.94
0.93
0.93
0.94
0.96
0.97
0.98
0.98
0.97
0.96
0.95
0.96
0.95
0.95
0.99
1.02
1.00
0.87
0.78
0.84
0.80
0.90
0.94
0.96
0.99
0.99
1.00
1.01
1.00
0.99
0.98
0.96
0.95
0.94
0.95
0.96
0.97
0.99
1.01
1.00
0.98
0.96
1.00
0.99
0.95
0.94
0.97
0.97
0.97
0.99
0.98
0.97
0.96
0.96
0.96
0.90
0.94
0.95
0.92
0.92
0.92
0.93
0.93
0.93
0.93
0.94
0.95
0.97
0.98
0.99
0.99
0.99
0.98
1.00
1.01
1.02
1.00
0.98
0.94
0.89
0.86
0.86
0.88
0.90
0.93
0.94
0.94
0.95
0.99
1.00
1.04
1.05
1.05
1.05
1.05
1.05
1.05
1.05
1.04
1.03
1.01
0.99
0.95
0.90
0.87
0.87
0.87
0.87
0.85
0.86
0.87
0.88
0.88
0.88
0.88
0.88
0.90
0.93
0.93
0.93
0.92
