0.65
0.65
0.66
0.68
0.69
0.68
0.56
0.55
0.63
0.65
0.66
0.67
0.68
0.68
0.69
0.71
0.72
0.72
0.72
0.73
0.73
0.71
0.70
0.68
0.68
0.67
0.67
0.67
0.67
0.67
0.67
0.68
0.68
0.68
0.68
0.69
0.69
0.69
0.67
0.67
0.67
0.65
0.64
0.63
0.62
0.62
0.62
0.63
0.66
0.67
0.68
0.68
0.68
0.68
0.68
0.68
0.68
0.71
0.72
0.73
0.71
0.70
0.69
0.69
0.69
0.69
0.69
0.68
0.68
0.67
0.67
0.68
0.69
0.69
0.67
0.66
0.64
0.62
0.60
0.59
0.59
0.58
0.58
0.58
0.58
0.58
0.58
0.58
0.59
0.60
0.58
0.56
0.56
0.56
0.55
0.56
0.11
0.58
0.60
0.60
0.59
0.62
0.25
0.63
0.64
0.63
0.64
0.66
0.67
0.67
0.67
0.67
0.66
0.65
0.65
0.65
0.65
0.65
0.66
0.67
0.70
0.73
0.73
0.73
0.72
0.72
0.72
0.72
0.72
0.71
0.71
0.71
0.72
0.72
0.72
0.72
0.72
0.72
0.72
0.72
0.72
0.72
0.72
0.72
0.72
0.72
0.72
0.72
0.72
0.72
0.72
0.72
0.73
0.73
0.73
0.73
0.74
0.74
0.74
0.74
0.74
0.74
0.74
0.73
0.73
0.71
0.69
0.68
0.67
0.67
0.66
0.66
0.67
0.67
0.67
0.66
0.64
0.63
0.64
0.65
0.66
0.66
0.66
0.66
0.66
0.66
0.66
0.66
0.67
0.69
0.71
0.72
0.74
0.75
0.74
0.73
0.73
0.73
0.72
0.72
0.72
0.72
0.72
0.72
0.72
0.72
0.72
0.72
0.72
0.72
0.72
0.72
0.72
0.72
0.72
0.72
0.72
0.72
0.72
0.72
0.72
0.72
0.72
0.72
0.72
0.72
0.72
0.72
0.72
0.72
0.72
0.72
0.72
0.72
0.72
0.72
0.72
0.72
0.72
0.72
0.72
0.72
0.72
0.72
0.72
0.72
0.72
0.72
0.72
0.72
0.72
0.72
0.72
0.72
0.72
0.72
0.72
0.72
0.72
0.73
0.73
0.73
0.73
0.73
0.73
0.73
0.74
0.74
0.74
0.74
0.74
0.74
0.74
0.74
0.75
0.45
0.75
0.76
0.76
0.76
0.30
0.73
0.71
0.69
0.69
0.27
0.68
0.68
0.69
0.68
0.68
0.67
0.67
0.67
0.67
0.67
0.67
0.67
0.67
0.67
0.67
0.67
0.67
0.67
0.67
0.67
0.67
0.68
0.68
0.68
0.67
0.67
0.67
0.67
0.67
0.67
0.67
0.67
0.67
0.67
0.67
0.67
0.67
0.67
0.67
0.67
0.67
0.67
0.67
0.68
0.68
0.68
0.68
0.67
0.67
0.67
0.67
0.67
0.67
0.67
0.67
0.67
0.67
0.67
0.67
0.67
0.66
0.66
0.66
0.66
0.66
0.66
0.66
0.65
0.65
0.64
0.63
0.63
0.62
0.62
0.61
0.61
0.61
0.61
0.61
0.61
0.61
0.61
0.62
0.62
0.61
0.61
0.62
0.62
0.64
0.65
0.67
0.68
0.68
0.68
0.68
0.68
0.68
0.68
0.67
0.67
0.67
0.67
0.66
0.66
0.65
0.63
0.62
0.61
0.60
0.60
0.60
0.60
0.60
0.59
0.61
0.63
0.63
0.62
0.62
0.63
0.65
0.26
0.67
0.69
0.69
0.69
0.41
0.14
0.54
0.65
0.70
0.74
0.76
0.76
0.77
0.80
0.79
0.75
0.76
0.75
0.75
0.75
0.75
0.75
0.73
0.70
0.67
0.66
0.65
0.65
0.65
0.65
0.64
0.66
0.66
0.66
0.66
0.66
0.67
0.68
0.67
0.67
0.67
0.67
0.67
0.67
0.67
0.67
0.67
0.67
0.70
0.72
0.73
0.73
0.72
0.72
0.72
0.73
0.73
0.73
0.71
0.70
0.69
0.69
0.68
0.68
0.68
0.68
0.68
0.68
0.67
0.66
0.66
0.67
0.65
0.65
0.64
0.65
0.66
0.68
0.68
0.68
0.70
0.71
0.71
0.71
0.71
0.70
0.68
0.67
0.67
0.67
0.66
0.66
0.67
0.68
0.68
0.68
0.68
0.68
0.64
0.60
0.58
0.58
0.58
0.57
0.58
0.58
0.57
0.57
0.58
0.60
0.63
0.64
0.61
0.58
0.60
0.62
0.60
0.59
0.57
0.55
0.60
0.66
0.65
0.65
0.67
0.68
0.64
0.58
0.55
0.53
0.45
0.33
0.19
0.18
0.21
0.29
0.44
0.60
0.76
0.74
0.75
0.74
0.15
0.79
0.80
0.79
0.77
0.74
0.72
0.71
0.71
0.72
0.73
0.73
0.73
0.74
0.74
0.74
0.74
0.74
0.73
0.72
0.70
0.69
0.66
0.63
0.61
0.59
0.57
0.56
0.56
0.54
0.56
0.58
0.58
0.59
0.61
0.65
0.68
0.69
0.71
0.73
0.73
0.73
0.75
0.76
0.75
0.74
0.72
0.70
0.68
0.68
0.67
0.67
0.66
0.64
0.65
0.65
0.65
0.64
0.66
0.67
0.68
0.68
0.68
0.67
0.69
0.71
0.72
0.71
0.72
0.72
0.73
0.74
0.74
0.73
0.73
0.73
0.72
0.72
0.72
0.72
0.70
0.69
0.69
0.68
0.67
0.67
0.67
0.66
0.66
0.66
0.67
0.68
0.67
0.66
0.67
0.69
0.70
0.73
0.76
0.78
0.79
0.78
0.77
0.75
0.71
0.68
0.66
0.65
0.64
0.62
0.60
0.59
0.57
0.56
0.59
0.61
0.60
0.59
0.62
0.64
0.64
0.64
0.67
0.70
0.69
0.69
0.70
0.70
0.71
0.71
0.73
0.73
0.71
0.68
0.66
0.64
0.63
0.63
0.62
0.62
0.63
0.63
0.64
0.64
0.65
0.66
0.68
0.70
0.73
0.74
0.74
0.74
0.73
0.73
0.73
0.73
0.72
0.72
0.71
0.71
0.72
0.72
0.72
0.72
0.72
0.72
0.72
0.72
0.72
0.72
0.72
0.72
0.72
0.72
0.72
0.72
0.72
0.72
0.72
0.72
0.72
0.72
0.72
0.72
0.72
0.72
0.72
0.72
0.72
0.71
0.71
0.71
0.71
0.71
0.71
0.71
0.71
0.71
0.71
0.71
0.71
0.71
0.72
0.72
0.72
0.72
0.72
0.72
0.72
0.72
0.72
0.72
0.72
0.72
0.72
0.72
0.72
0.72
0.72
0.72
0.72
0.72
0.72
0.72
0.72
0.72
0.72
0.72
0.71
0.71
0.70
0.70
0.70
0.69
0.69
0.69
0.68
0.68
0.68
0.68
0.68
0.68
0.67
0.67
0.68
0.68
0.68
0.68
0.68
0.68
0.68
0.69
0.70
0.71
0.70
0.70
0.71
0.72
0.72
0.72
0.72
0.72
0.72
0.72
0.72
0.72
0.72
0.72
0.72
0.72
0.72
0.72
0.72
0.72
0.72
0.72
0.72
0.72
0.72
0.71
0.69
0.69
0.68
0.69
0.70
0.70
0.71
0.72
0.72
0.72
0.72
0.72
0.72
0.72
0.72
0.72
0.72
0.72
0.73
0.73
0.73
0.74
0.74
0.89
0.74
0.74
0.72
0.69
0.68
0.67
0.66
0.67
0.67
0.68
0.68
0.68
0.68
0.67
0.66
0.65
0.66
0.66
0.65
0.65
0.65
0.65
0.67
0.70
0.69
0.69
0.71
0.72
0.71
0.70
0.70
0.70
0.72
0.73
0.72
0.72
0.72
0.72
0.72
0.72
0.72
0.72
0.72
0.72
0.72
0.72
0.72
0.72
0.72
0.72
0.72
0.72
0.72
0.72
0.72
0.72
0.72
0.72
0.72
0.72
0.72
0.72
0.72
0.72
0.72
0.72
0.72
0.72
0.72
0.72
0.72
0.72
0.72
0.72
0.70
0.66
0.64
0.63
0.63
0.63
0.64
0.64
0.65
0.66
0.67
0.68
0.68
0.68
0.68
0.68
0.68
0.68
0.68
0.69
0.68
0.68
0.67
0.66
0.67
0.67
0.67
0.67
0.68
0.68
0.71
0.72
0.72
0.72
0.72
0.72
0.71
0.71
0.71
0.71
0.72
0.72
0.72
0.72
0.72
0.72
0.72
0.72
0.72
0.72
0.72
0.72
0.72
0.72
0.72
0.71
0.71
0.70
0.70
0.70
0.70
0.69
0.69
0.69
0.69
0.68
0.68
0.67
0.67
0.67
0.67
0.67
