0.77
0.77
0.77
0.76
0.76
0.77
0.77
0.77
0.77
0.77
0.77
0.77
0.76
0.76
0.76
0.76
0.76
0.74
0.76
0.80
0.82
0.16
0.74
0.53
0.35
0.54
0.44
0.33
0.46
0.62
0.73
0.65
0.51
0.57
0.53
0.61
0.69
0.72
0.74
0.75
0.76
0.76
0.76
0.75
0.75
0.77
0.78
0.78
0.78
0.77
0.76
0.76
0.76
0.75
0.75
0.75
0.75
0.75
0.75
0.75
0.75
0.75
0.75
0.76
0.76
0.75
0.73
0.67
0.61
0.61
0.60
0.59
0.63
0.54
0.80
0.81
0.69
0.58
0.60
0.65
0.69
0.74
0.77
0.78
0.79
0.79
0.79
0.79
0.79
0.78
0.78
0.78
0.78
0.80
0.80
0.71
0.49
0.74
0.74
0.73
0.75
0.76
0.77
0.79
0.81
0.83
0.84
0.84
0.84
0.84
0.83
0.82
0.81
0.80
0.79
0.77
0.75
0.73
0.71
0.70
0.70
0.70
0.70
0.69
0.69
0.71
0.74
0.76
0.77
0.78
0.78
0.78
0.78
0.78
0.78
0.78
0.78
0.78
0.77
0.77
0.77
0.77
0.77
0.77
0.77
0.77
0.78
0.78
0.78
0.78
0.80
0.80
0.76
0.62
0.65
0.66
0.67
0.63
0.49
0.53
0.54
0.55
0.57
0.60
0.61
0.61
0.64
0.64
0.65
0.65
0.65
0.64
0.63
0.66
0.67
0.66
0.66
0.69
0.71
0.72
0.73
0.74
0.74
0.76
0.77
0.77
0.77
0.77
0.76
0.76
0.75
0.75
0.75
0.75
0.76
0.76
0.76
0.76
0.76
0.75
0.75
0.75
0.75
0.75
0.75
0.75
0.75
0.75
0.75
0.75
0.75
0.75
0.75
0.75
0.75
0.75
0.75
0.75
0.77
0.79
0.79
0.78
0.77
0.76
0.76
0.76
0.75
0.75
0.75
0.75
0.75
0.75
0.75
0.75
0.75
0.75
0.75
0.75
0.75
0.75
0.75
0.75
0.75
0.75
0.75
0.75
0.75
0.75
0.75
0.75
0.75
0.75
0.75
0.75
0.75
0.75
0.75
0.75
0.75
0.75
0.75
0.75
0.75
0.75
0.75
0.75
0.75
0.75
0.77
0.79
0.80
0.78
0.77
0.76
0.76
0.76
0.75
0.75
0.75
0.75
0.75
0.75
0.75
0.75
0.75
0.75
0.75
0.75
0.75
0.75
0.75
0.77
0.79
0.80
0.79
0.77
0.76
0.76
0.76
0.76
0.75
0.75
0.75
0.75
0.75
0.75
0.76
0.76
0.75
0.75
0.75
0.75
0.75
0.75
0.75
0.75
0.75
0.75
0.75
0.75
0.75
0.75
0.75
0.75
0.75
0.75
0.75
0.75
0.75
0.75
0.75
0.75
0.75
0.75
0.76
0.77
0.78
0.77
0.76
0.76
0.77
0.78
0.77
0.76
0.76
0.76
0.75
0.75
0.75
0.75
0.75
0.75
0.75
0.75
0.76
0.78
0.77
0.76
0.76
0.76
0.75
0.75
0.75
0.75
0.75
0.75
0.75
0.75
0.75
0.75
0.75
0.75
0.75
0.75
0.75
0.75
0.75
0.75
0.75
0.75
0.75
0.75
0.75
0.75
0.75
0.75
0.75
0.76
0.77
0.77
0.76
0.76
0.76
0.76
0.75
0.75
0.75
0.75
0.75
0.75
0.75
0.75
0.75
0.75
0.75
0.75
0.75
0.75
0.75
0.75
0.75
0.75
0.75
0.75
0.75
0.75
0.75
0.76
0.76
0.75
0.75
0.75
0.75
0.75
0.75
0.75
0.75
0.75
0.75
0.75
0.75
0.75
0.75
0.77
0.78
0.80
0.80
0.78
0.77
0.77
0.78
0.79
0.79
0.77
0.76
0.76
0.76
0.76
0.75
0.76
0.77
0.78
0.77
0.76
0.76
0.76
0.75
0.75
0.75
0.75
0.75
0.75
0.75
0.75
0.76
0.76
0.78
0.78
0.79
0.79
0.79
0.79
0.79
0.79
0.79
0.77
0.76
0.76
0.76
0.76
0.75
0.75
0.75
0.75
0.75
0.75
0.75
0.75
0.75
0.76
0.77
0.77
0.76
0.76
0.76
0.76
0.75
0.75
0.75
0.75
0.75
0.75
0.75
0.75
0.75
0.75
0.75
0.75
0.75
0.76
0.77
0.78
0.77
0.76
0.76
0.77
0.77
0.71
0.75
0.75
0.75
0.76
0.79
0.79
0.80
0.79
0.77
0.76
0.76
0.76
0.75
0.75
0.75
0.75
0.75
0.75
0.75
0.75
0.75
0.76
0.77
0.78
0.76
0.74
0.76
0.76
0.78
0.79
0.79
0.78
0.77
0.76
0.76
0.76
0.75
0.76
0.78
0.79
0.80
0.78
0.77
0.76
0.76
0.76
0.77
0.78
0.79
0.79
0.78
0.77
0.76
0.76
0.76
0.75
0.75
0.75
0.75
0.75
0.75
0.75
0.75
0.75
0.75
0.75
0.75
0.75
0.75
0.76
0.78
0.77
0.76
0.76
0.76
0.75
0.75
0.75
0.75
0.75
0.75
0.75
0.75
0.75
0.74
0.73
0.72
0.71
0.70
0.69
0.68
0.68
0.68
0.68
0.67
0.66
0.65
0.65
0.65
0.66
0.66
0.66
0.66
0.59
0.09
0.37
0.24
0.05
0.24
0.46
0.66
0.80
0.85
0.77
0.67
0.63
0.61
0.61
0.59
0.57
0.57
0.51
0.61
0.63
0.65
0.66
0.69
0.70
0.71
0.69
0.70
0.72
0.73
0.73
0.72
0.72
0.71
0.71
0.72
0.72
0.73
0.74
0.73
0.71
0.68
0.66
0.64
0.63
0.63
0.63
0.65
0.67
0.67
0.69
0.71
0.74
0.75
0.73
0.72
0.74
0.74
0.67
0.71
0.70
0.70
0.72
0.68
0.67
0.70
0.71
0.74
0.75
0.77
0.82
0.84
0.85
0.84
0.82
0.82
0.83
0.82
0.81
0.82
0.80
0.79
0.77
0.76
0.76
0.76
0.76
0.76
0.76
0.76
0.76
0.76
0.76
0.76
0.76
0.76
0.76
0.76
0.76
0.76
0.76
0.76
0.76
0.76
0.76
0.76
0.76
0.76
0.76
0.76
0.77
0.79
0.81
0.82
0.81
0.78
0.78
0.79
0.80
0.82
0.82
0.82
0.82
0.81
0.80
0.78
0.77
0.76
0.76
0.76
0.76
0.76
0.76
0.76
0.76
0.76
0.76
0.76
0.76
0.76
0.76
0.76
0.76
0.77
0.77
0.77
0.74
0.71
0.69
0.68
0.68
0.68
0.68
0.69
0.71
0.74
0.75
0.76
0.75
0.75
0.76
0.76
0.76
0.74
0.72
0.71
0.70
0.69
0.69
0.69
0.70
0.70
0.71
0.70
0.70
0.70
0.69
0.67
0.66
0.66
0.68
0.69
0.69
0.69
0.69
0.70
0.71
0.72
0.72
0.71
0.71
0.72
0.74
0.74
0.74
0.75
0.76
0.77
0.77
0.77
0.77
0.77
0.77
0.77
0.77
0.77
0.77
0.77
0.77
0.77
0.76
0.76
0.76
0.75
0.73
0.71
0.70
0.69
0.68
0.67
0.68
0.67
0.64
0.62
0.63
0.65
0.67
0.69
0.71
0.72
0.72
0.73
0.73
0.73
0.74
0.76
0.74
0.71
0.69
0.69
0.69
0.68
0.66
0.65
0.64
0.64
0.63
0.63
0.62
0.63
0.64
0.65
0.66
0.68
0.70
0.71
0.71
0.72
0.72
0.72
0.72
0.73
0.73
0.74
0.74
0.76
0.78
0.77
0.77
0.78
0.77
0.77
0.79
0.82
0.84
0.86
0.85
0.81
0.84
0.86
0.83
0.81
0.81
0.81
0.80
0.81
0.80
0.79
0.78
0.77
0.76
0.77
0.79
0.80
0.82
0.82
0.80
0.78
0.77
0.76
0.76
0.75
0.73
0.74
0.69
0.68
0.65
0.62
0.69
0.60
0.26
0.42
0.65
0.80
0.84
0.83
0.82
0.81
0.83
0.86
0.88
0.88
0.90
0.89
0.86
0.87
0.87
0.88
0.89
0.90
0.90
0.88
0.87
0.88
0.89
0.90
0.90
0.89
0.90
0.91
0.91
0.91
0.93
0.95
0.97
0.98
0.96
0.94
0.90
0.86
0.84
0.84
0.84
0.84
0.84
0.84
0.84
0.85
0.85
0.74
0.67
0.69
0.71
0.73
0.75
0.77
0.78
0.80
0.83
0.85
0.85
0.83
0.79
0.69
0.62
0.58
0.57
0.58
0.60
