1.15
1.14
1.15
1.16
1.18
1.20
1.20
1.21
1.19
1.18
1.17
1.15
1.15
1.14
1.13
1.10
1.15
1.21
1.21
1.18
1.15
1.13
1.10
1.09
1.05
1.03
1.07
1.12
1.14
1.15
1.03
0.95
1.12
1.17
1.17
1.17
1.16
1.16
1.18
1.19
1.20
1.22
1.21
1.20
1.22
1.26
1.28
1.18
1.16
1.16
1.15
1.16
1.16
1.19
1.24
1.30
1.26
1.08
1.11
1.20
1.25
1.12
1.02
1.06
1.13
1.22
1.33
1.42
1.47
1.55
1.46
0.97
0.84
0.89
0.96
1.23
1.29
1.26
1.27
1.42
1.42
1.40
1.41
1.36
1.31
1.28
1.27
1.26
1.26
1.26
1.28
1.29
1.30
1.30
1.30
1.30
1.31
1.32
1.34
1.36
1.22
1.09
1.32
1.11
1.07
1.19
1.25
1.29
1.31
1.31
1.30
1.29
1.29
1.29
1.29
1.30
1.31
1.33
1.32
1.32
1.31
1.31
1.33
1.17
1.19
1.23
1.08
0.21
0.13
0.05
0.25
0.47
0.58
0.61
0.98
1.19
1.26
1.24
1.29
1.32
1.39
1.15
1.02
0.65
0.61
0.38
0.43
0.87
1.23
1.36
1.42
1.45
1.45
1.45
1.44
1.43
1.39
1.36
1.38
1.40
1.41
1.43
1.42
1.42
1.43
1.44
1.44
1.42
1.41
1.42
1.43
1.42
1.41
1.41
1.40
1.38
1.37
1.37
1.37
1.37
1.36
1.35
1.34
1.34
1.33
1.32
1.31
1.32
1.34
1.36
1.37
1.36
1.36
1.36
1.36
1.36
1.37
1.37
1.37
1.35
1.33
1.31
1.29
1.29
1.29
1.31
1.32
1.31
1.29
1.28
1.29
1.31
1.32
1.31
1.31
1.29
1.28
1.27
1.28
1.28
1.28
1.27
1.27
1.26
1.25
1.23
1.21
1.21
1.21
1.22
1.24
1.25
1.24
1.24
1.25
1.25
1.25
1.26
1.24
1.22
1.22
1.23
1.23
1.23
1.26
1.28
1.28
1.28
1.29
1.30
1.27
1.23
1.24
1.24
1.23
1.21
1.22
1.22
1.21
1.20
1.17
1.16
1.16
1.16
1.19
1.21
1.17
1.14
1.15
1.16
1.16
1.18
1.26
1.32
1.35
1.33
1.31
1.29
1.27
1.25
1.22
1.21
1.25
1.29
1.26
1.23
1.23
1.24
1.24
1.24
1.26
1.28
1.28
1.27
1.26
1.25
1.24
1.22
1.22
1.22
1.21
1.21
1.22
1.23
1.24
1.24
1.20
1.15
1.16
1.18
1.18
1.17
1.14
1.10
1.12
1.16
1.20
1.21
1.19
1.17
1.16
1.14
1.13
1.13
1.11
1.10
1.15
1.19
1.18
1.16
1.18
1.20
1.22
1.24
1.22
1.20
1.19
1.19
1.23
1.26
1.28
1.30
1.30
1.30
1.27
1.24
1.22
1.21
1.22
1.24
1.21
1.19
1.22
1.25
1.28
1.28
1.27
1.28
1.27
1.26
1.22
1.20
1.25
1.28
1.26
1.28
1.27
1.27
1.30
1.32
1.28
1.29
1.30
1.29
1.29
1.29
1.29
1.28
1.24
1.23
1.24
1.23
1.21
1.21
1.22
1.22
1.20
1.19
1.18
1.18
1.19
1.21
1.22
1.22
1.22
1.22
1.22
1.22
1.25
1.27
1.26
1.25
1.25
1.25
1.27
1.28
1.22
1.12
1.04
1.00
0.91
0.77
0.87
1.01
1.14
1.20
1.18
1.21
1.21
1.16
1.15
1.24
1.30
1.31
1.21
0.95
0.84
0.96
1.01
1.03
1.03
1.06
1.11
1.15
1.20
1.21
1.19
1.27
1.21
1.23
1.22
1.22
1.23
1.25
1.27
1.28
1.27
1.27
1.26
1.24
1.26
1.28
1.25
1.24
1.23
1.22
1.21
1.19
1.21
1.22
1.22
1.23
1.27
1.30
1.28
1.20
1.17
1.08
1.14
1.14
1.14
1.13
1.12
1.07
1.10
1.20
1.24
1.27
1.09
0.87
0.40
0.24
0.42
0.71
0.82
0.89
1.05
1.17
1.27
1.31
1.32
1.31
1.26
1.22
1.23
1.24
1.24
1.25
1.28
1.31
1.27
1.27
1.30
1.30
1.30
1.28
1.27
1.28
1.28
1.27
1.25
1.25
1.27
1.29
1.30
1.30
1.27
1.24
1.26
1.29
1.32
1.32
1.19
1.07
1.05
1.04
1.06
1.08
1.15
1.21
1.22
1.20
1.23
1.27
1.32
1.33
1.16
1.10
1.19
1.22
1.21
1.21
1.21
1.22
1.20
1.19
1.22
1.26
1.29
1.30
1.31
1.30
1.28
1.28
1.28
1.26
1.26
1.29
1.30
1.32
1.30
1.27
1.24
1.21
1.18
1.11
1.09
1.09
1.11
1.14
1.19
1.20
1.21
1.23
1.11
1.03
1.13
1.13
1.15
1.14
1.20
1.25
1.25
1.23
1.22
1.21
1.22
1.23
1.26
1.27
1.22
1.12
1.14
1.00
0.97
1.15
1.17
1.16
1.17
1.19
0.92
0.74
0.83
0.92
0.86
0.16
0.11
0.05
0.21
0.33
0.15
0.04
0.14
0.32
0.20
0.06
0.23
0.11
0.04
0.07
0.28
0.53
0.60
0.71
0.88
1.08
1.21
1.33
1.36
1.40
1.46
1.49
1.47
1.47
1.47
1.46
1.41
1.38
1.38
1.39
1.40
1.42
1.44
1.44
1.42
1.40
1.40
1.42
1.43
1.44
1.43
1.42
1.41
1.41
1.40
1.40
1.40
1.40
1.40
1.40
1.40
1.40
1.41
1.43
1.43
1.43
1.44
1.44
1.44
1.42
1.42
1.39
1.36
1.31
1.28
1.23
1.13
1.08
1.09
1.14
1.18
1.18
1.16
1.15
1.14
1.14
1.17
1.20
1.24
1.27
1.28
1.28
1.28
1.29
1.32
1.34
1.34
1.37
1.35
1.34
1.35
1.35
1.35
1.33
1.31
1.29
1.29
1.29
1.29
1.29
1.32
1.36
1.31
1.10
1.14
1.07
1.02
1.01
1.01
1.02
1.01
1.02
1.08
1.10
1.06
1.01
1.00
1.00
1.05
1.08
1.05
0.99
0.91
0.87
0.91
0.94
0.97
0.97
0.99
1.00
0.94
0.89
0.90
0.90
0.92
0.88
0.78
0.72
0.58
0.57
0.61
0.66
0.80
0.93
0.98
0.98
0.86
0.69
0.56
0.44
0.44
0.51
0.59
0.60
0.57
0.33
0.67
0.85
0.98
1.05
1.03
0.98
0.97
1.00
1.00
0.98
0.93
0.90
0.89
0.87
0.89
0.93
0.95
0.96
0.93
0.93
0.94
0.97
0.96
0.96
1.01
1.06
1.16
1.24
1.25
1.28
1.28
1.24
1.19
1.10
0.97
0.81
0.74
0.72
0.76
0.79
0.77
0.74
0.73
0.75
0.86
0.94
0.91
0.87
0.87
0.88
0.91
0.93
0.92
0.89
0.77
0.68
0.73
0.79
0.87
0.92
0.90
0.88
0.93
0.98
0.90
0.81
0.77
0.74
0.82
0.92
0.98
1.00
0.90
0.82
0.85
0.89
0.96
0.97
0.91
0.87
0.77
0.70
0.69
0.71
0.81
0.91
1.00
1.28
1.00
0.99
1.06
1.10
1.11
1.15
1.17
1.20
1.22
1.23
1.21
1.17
1.11
1.07
1.05
1.06
1.10
1.12
1.09
1.08
1.10
1.09
1.05
1.03
1.05
1.04
1.04
1.03
1.04
1.06
1.07
1.07
1.02
0.97
0.98
1.01
1.03
1.02
0.96
0.91
0.89
0.91
0.98
1.05
1.11
1.14
1.19
1.23
1.20
1.18
1.17
1.19
1.18
1.18
1.24
1.29
1.28
1.25
1.23
1.23
1.22
1.21
1.21
1.23
1.24
1.24
1.26
1.28
1.31
1.36
1.35
1.32
1.33
1.35
1.37
1.40
1.40
1.38
1.35
1.33
1.31
1.30
1.30
1.30
1.27
1.23
1.23
1.21
1.18
1.16
1.13
1.12
1.18
1.20
1.16
1.13
1.15
1.17
1.16
1.16
1.22
1.26
1.26
1.24
1.22
1.21
1.19
1.17
1.17
1.16
1.15
1.14
1.16
1.17
1.16
1.16
1.12
1.09
1.11
1.13
1.14
1.14
1.10
1.08
1.13
1.17
1.20
1.21
1.21
1.21
1.18
1.16
1.14
1.13
1.12
1.15
1.21
1.25
1.24
1.25
1.20
1.09
1.14
1.14
1.15
1.16
