0.14
0.55
0.77
0.89
0.97
1.01
1.03
0.98
0.96
0.94
0.94
0.95
0.96
0.96
0.95
0.94
0.92
0.88
0.85
0.84
0.84
0.82
0.83
0.86
0.90
0.93
0.95
0.98
1.01
1.02
1.03
1.04
1.06
1.06
1.06
1.07
1.09
1.10
1.11
1.12
1.12
1.12
1.11
1.11
1.11
1.11
1.11
1.11
1.08
1.04
1.01
1.00
1.00
0.99
0.99
0.98
0.98
0.98
0.99
1.00
1.01
1.01
1.02
1.03
1.04
1.06
1.07
1.08
1.05
1.03
1.02
1.01
1.01
1.01
1.01
1.02
1.02
1.03
1.04
1.04
1.04
1.06
1.07
1.08
0.87
1.08
1.09
1.09
1.05
1.01
1.00
0.99
0.98
0.98
0.98
0.98
0.98
0.98
0.98
0.98
0.98
0.98
0.99
1.01
1.02
1.01
1.00
1.05
1.03
1.01
1.00
1.00
0.99
0.98
0.98
0.98
0.98
0.98
0.98
0.98
0.98
0.98
0.98
0.98
0.98
0.98
0.98
0.98
0.98
0.99
0.98
0.99
0.98
0.97
0.96
0.95
0.95
0.95
0.93
0.92
0.91
0.91
0.92
0.92
0.92
0.91
0.91
0.90
0.89
0.88
0.88
0.88
0.89
0.89
0.88
0.88
0.88
0.88
0.88
0.88
0.89
0.89
0.89
0.88
0.87
0.89
0.90
0.54
0.90
0.91
0.92
0.37
0.94
0.98
1.00
1.01
1.02
1.03
1.03
1.04
1.05
1.05
1.05
1.07
1.10
1.11
1.10
1.12
1.15
1.14
1.13
1.12
1.12
1.12
1.12
1.12
1.13
1.13
1.15
1.16
1.13
1.09
1.08
1.07
1.07
1.06
1.06
1.05
1.05
1.03
1.02
1.01
0.98
0.94
0.91
0.90
0.89
0.87
0.85
0.85
0.85
0.88
0.90
0.95
1.00
1.05
1.08
1.08
1.08
1.08
1.09
1.12
1.14
1.14
1.13
1.12
1.11
1.08
1.06
1.03
1.02
1.00
0.99
0.98
0.98
0.99
1.00
1.00
1.01
1.00
1.01
1.04
1.07
1.07
1.07
1.06
1.06
1.06
1.07
1.07
1.08
1.08
1.09
1.08
1.07
1.07
1.08
1.09
1.09
1.11
1.12
1.13
1.12
1.10
1.09
1.07
1.06
1.05
1.05
1.04
1.03
1.03
1.03
1.02
1.01
1.01
1.02
1.03
0.83
1.03
1.05
1.08
1.18
0.93
0.89
0.35
0.89
0.89
0.88
0.88
0.88
0.88
0.88
0.88
0.88
0.86
0.85
0.85
0.85
0.82
0.81
0.84
0.87
0.87
0.87
0.87
0.87
0.88
0.89
0.89
0.89
0.87
0.87
0.88
0.89
0.90
0.92
0.93
0.94
0.95
0.95
0.95
0.95
0.95
0.94
0.93
0.92
0.91
0.90
0.90
0.90
0.88
0.87
0.87
0.88
0.90
0.91
0.94
0.96
0.96
0.97
0.95
0.94
0.94
0.94
0.96
0.97
0.96
0.96
0.97
0.97
0.96
0.96
0.97
0.97
0.96
0.95
0.95
0.94
0.95
0.95
0.95
0.95
0.94
0.93
0.93
0.93
0.93
0.92
0.91
0.94
0.96
0.78
0.97
0.98
0.99
0.20
0.20
0.52
0.79
0.95
1.05
1.09
1.11
1.11
1.10
1.08
1.06
1.05
1.04
1.03
0.99
0.99
1.03
1.06
0.99
0.80
0.99
1.06
1.08
1.10
1.09
0.80
0.48
0.46
0.45
0.50
0.59
0.88
1.05
1.11
1.10
1.09
1.09
1.09
1.07
1.06
1.04
1.02
1.01
1.00
1.01
1.01
0.99
0.97
0.96
0.95
0.96
0.97
0.98
0.99
0.98
0.97
0.96
0.94
0.94
0.95
0.98
1.00
1.01
1.01
1.00
1.00
1.00
1.00
1.00
1.00
0.99
0.99
0.98
0.97
0.99
0.99
1.00
1.00
0.98
0.97
0.99
0.99
0.96
0.92
0.90
0.88
0.89
0.88
0.85
0.84
0.84
0.83
0.78
0.76
0.79
0.81
0.80
0.80
0.78
0.76
0.71
0.69
0.73
0.75
0.74
0.75
0.79
0.81
0.74
0.70
0.76
0.79
0.74
0.71
0.76
0.79
0.85
0.87
0.84
0.82
0.77
0.75
0.76
0.78
0.77
0.78
0.85
0.90
0.97
1.01
1.00
0.99
0.93
0.90
0.89
0.89
0.89
0.90
0.93
0.95
0.88
0.84
0.85
0.85
0.86
0.87
0.86
0.85
0.81
0.78
0.82
0.84
0.81
0.80
0.80
0.80
0.81
0.83
0.87
0.91
0.96
1.00
0.97
0.96
1.04
1.09
1.08
1.06
1.07
1.08
1.10
1.12
1.10
1.09
1.10
1.10
1.10
1.11
1.11
1.11
1.11
1.10
1.10
1.11
1.10
1.10
1.10
1.09
1.09
1.09
1.09
1.09
1.08
1.08
1.08
1.07
1.07
1.07
1.07
1.06
1.06
1.06
1.06
1.05
1.05
1.05
1.05
1.05
1.05
1.05
1.05
1.05
1.05
1.05
1.06
1.06
1.05
1.04
1.05
1.06
1.06
1.06
1.06
1.06
1.05
1.04
1.05
1.05
1.05
1.05
1.05
1.05
1.05
1.05
1.05
1.05
1.05
1.04
1.04
1.04
1.04
1.04
1.04
1.04
1.04
1.04
1.05
1.06
1.07
1.07
1.07
1.07
1.07
1.06
1.06
1.06
1.05
1.04
1.04
1.05
1.05
1.05
1.05
1.06
1.06
1.06
1.05
1.05
1.04
1.03
1.04
1.04
1.05
1.05
1.04
1.04
1.03
1.02
1.02
1.02
1.02
1.03
1.04
1.05
1.05
1.05
1.04
1.04
1.04
1.04
1.01
0.99
0.99
0.99
0.99
0.99
0.99
1.00
1.02
1.03
1.03
1.02
1.04
1.05
1.05
1.04
1.04
1.04
1.05
1.07
1.06
1.06
1.05
1.03
1.02
1.02
1.02
1.03
1.04
1.04
1.04
1.03
1.03
1.03
1.02
1.01
1.01
1.01
1.00
1.00
1.01
1.02
1.04
1.04
1.03
1.02
1.02
1.02
1.02
1.01
1.01
1.00
0.98
0.97
0.96
0.95
0.96
0.96
0.94
0.92
0.90
0.90
0.90
0.91
0.90
0.89
0.90
0.90
0.91
0.92
0.92
0.93
0.94
0.95
0.96
0.96
0.56
0.94
0.93
0.92
0.92
0.92
0.91
0.91
0.91
0.91
0.89
0.88
0.87
0.87
0.84
0.82
0.87
0.91
0.93
0.95
0.96
0.97
1.00
1.03
1.03
1.02
0.98
0.95
0.95
0.96
0.97
0.98
1.00
1.01
1.01
1.00
1.01
1.02
1.02
1.02
1.01
1.00
1.00
1.01
1.02
1.04
1.03
1.03
1.03
1.04
1.07
1.09
1.10
1.10
1.09
1.09
1.08
1.07
1.06
1.06
1.06
1.07
1.06
1.06
1.06
1.06
1.05
1.05
1.06
1.06
1.06
1.05
1.05
1.05
1.05
1.06
1.06
1.06
1.05
1.04
1.06
1.07
1.07
1.06
1.06
1.03
1.01
1.00
1.00
1.00
1.01
1.02
1.01
1.00
1.02
1.03
1.04
1.06
1.09
1.10
1.10
1.09
1.09
1.09
1.07
1.06
1.06
1.06
1.05
1.04
1.04
1.04
1.04
1.03
1.04
0.63
1.01
0.99
0.98
0.98
0.98
0.99
1.00
1.00
1.01
1.01
1.00
1.00
1.01
1.01
1.00
0.99
1.01
1.01
1.01
1.02
1.03
1.04
1.05
1.05
1.06
1.06
1.05
1.04
1.05
1.05
1.05
1.06
1.06
1.07
1.06
1.06
1.06
1.06
1.06
1.06
1.06
1.05
1.05
1.04
1.04
1.03
1.02
1.01
1.01
1.01
1.02
1.02
1.03
1.04
1.04
1.03
1.02
1.01
1.01
1.01
1.02
1.02
1.02
1.02
1.02
1.02
1.02
1.02
1.03
1.03
1.03
1.03
1.02
1.01
1.03
1.04
1.04
1.04
1.03
1.02
1.04
1.06
1.05
1.05
1.05
1.04
1.05
1.05
1.05
1.05
1.06
1.06
1.04
1.03
1.04
1.05
1.05
1.04
1.05
1.04
1.04
1.03
1.03
1.04
1.03
1.02
1.02
1.02
1.00
0.98
0.96
0.95
0.91
0.89
0.89
0.89
0.91
0.92
0.92
0.91
0.89
0.88
0.89
0.90
0.91
0.92
0.97
1.00
1.04
1.06
1.05
