0.81
0.81
0.81
0.81
0.81
0.81
0.81
0.81
0.81
0.81
0.81
0.81
0.81
0.81
0.81
0.81
0.81
0.81
0.81
0.81
0.81
0.81
0.81
0.81
0.81
0.81
0.80
0.80
0.80
0.80
0.80
0.80
0.80
0.80
0.80
0.80
0.80
0.80
0.80
0.80
0.80
0.80
0.80
0.80
0.80
0.80
0.80
0.80
0.80
0.80
0.81
0.81
0.81
0.97
0.81
0.81
0.81
0.81
0.81
0.81
0.81
0.81
0.81
0.81
0.81
0.81
0.81
0.81
0.81
0.81
0.81
0.81
0.81
0.81
0.81
0.81
0.81
0.81
0.81
0.81
0.81
0.81
0.81
0.81
0.81
0.81
0.81
0.81
0.81
0.81
0.81
0.81
0.81
0.81
0.81
0.81
0.81
0.81
0.81
0.81
0.81
0.81
0.81
0.81
0.81
0.81
0.81
0.81
0.81
0.81
0.81
0.81
0.81
0.81
0.81
0.81
0.82
0.84
0.85
0.84
0.83
0.82
0.81
0.81
0.81
0.81
0.81
0.81
0.81
0.81
0.81
0.81
0.81
0.81
0.81
0.81
0.81
0.81
0.81
0.81
0.81
0.81
0.81
0.81
0.81
0.81
0.81
0.81
0.81
0.81
0.81
0.81
0.81
0.81
0.81
0.81
0.81
0.81
0.81
0.81
0.81
0.81
0.81
0.81
0.81
0.81
0.81
0.79
0.78
0.77
0.76
0.76
0.76
0.75
0.75
0.76
0.75
0.76
0.78
0.79
0.80
0.81
0.81
0.81
0.81
0.80
0.81
0.81
0.81
0.81
0.81
0.81
0.81
0.81
0.81
0.81
0.81
0.81
0.81
0.81
0.81
0.81
0.81
0.81
0.81
0.81
0.81
0.81
0.81
0.81
0.81
0.81
0.81
0.81
0.81
0.81
0.81
0.81
0.81
0.81
0.81
0.81
0.81
0.81
0.81
0.81
0.81
0.81
0.80
0.78
0.76
0.74
0.73
0.73
0.73
0.74
0.74
0.75
0.78
0.80
0.80
0.79
0.80
0.81
0.81
0.82
0.82
0.81
0.81
0.81
0.81
0.82
0.83
0.82
0.81
0.81
0.81
0.81
0.81
0.81
0.81
0.81
0.81
0.81
0.81
0.81
0.81
0.81
0.81
0.81
0.81
0.82
0.83
0.82
0.82
0.81
0.81
0.81
0.81
0.81
0.81
0.81
0.81
0.81
0.81
0.81
0.81
0.81
0.81
0.81
0.81
0.81
0.82
0.82
0.82
0.82
0.82
0.82
0.82
0.82
0.82
0.82
0.82
0.82
0.82
0.80
0.78
0.77
0.76
0.75
0.75
0.75
0.74
0.74
0.74
0.74
0.74
0.74
0.73
0.73
0.73
0.74
0.75
0.76
0.75
0.73
0.72
0.72
0.70
0.69
0.71
0.73
0.75
0.77
0.80
0.83
0.83
0.82
0.83
0.84
0.83
0.62
0.72
0.75
0.73
0.74
0.76
0.75
0.74
0.73
0.72
0.72
0.71
0.71
0.72
0.73
0.74
0.76
0.78
0.78
0.78
0.78
0.77
0.77
0.76
0.75
0.76
0.77
0.77
0.77
0.77
0.77
0.76
0.77
0.77
0.78
0.78
0.79
0.79
0.79
0.78
0.78
0.77
0.74
0.70
0.68
0.69
0.70
0.69
0.69
0.74
0.78
0.78
0.79
0.80
0.81
0.81
0.80
0.80
0.80
0.81
0.81
0.81
0.81
0.81
0.81
0.81
0.81
0.81
0.81
0.81
0.81
0.81
0.81
0.81
0.81
0.81
0.81
0.81
0.81
0.81
0.81
0.80
0.80
0.80
0.78
0.76
0.75
0.74
0.73
0.73
0.73
0.73
0.73
0.74
0.74
0.75
0.76
0.76
0.77
0.77
0.78
0.79
0.80
0.81
0.82
0.80
0.80
0.79
0.79
0.80
0.80
0.80
0.81
0.81
0.80
0.80
0.80
0.80
0.81
0.80
0.80
0.81
0.81
0.81
0.81
0.81
0.81
0.81
0.81
0.81
0.81
0.81
0.81
0.81
0.81
0.80
0.80
0.79
0.78
0.77
0.76
0.75
0.75
0.74
0.74
0.74
0.73
0.73
0.73
0.72
0.72
0.72
0.73
0.76
0.78
0.78
0.76
0.76
0.75
0.75
0.75
0.75
0.76
0.77
0.77
0.77
0.77
0.75
0.75
0.77
0.77
0.77
0.76
0.77
0.78
0.78
0.78
0.79
0.80
0.81
0.82
0.82
0.82
0.81
0.81
0.81
0.81
0.81
0.81
0.80
0.80
0.81
0.81
0.81
0.81
0.81
0.81
0.81
0.81
0.81
0.81
0.81
0.81
0.81
0.81
0.81
0.81
0.81
0.81
0.81
0.81
0.81
0.81
0.81
0.81
0.81
0.81
0.81
0.81
0.81
0.81
0.81
0.81
0.81
0.81
0.81
0.81
0.81
0.79
0.78
0.77
0.77
0.76
0.76
0.76
0.77
0.79
0.80
0.81
0.81
0.81
0.81
0.80
0.81
0.81
0.80
0.80
0.80
0.81
0.81
0.81
0.81
0.81
0.81
0.81
0.81
0.81
0.81
0.81
0.81
0.81
0.81
0.81
0.81
0.81
0.81
0.81
0.81
0.81
0.81
0.81
0.81
0.81
0.81
0.81
0.81
0.81
0.81
0.81
0.81
0.81
0.81
0.81
0.81
0.81
0.81
0.81
0.81
0.81
0.81
0.81
0.81
0.81
0.81
0.81
0.81
0.81
0.81
0.81
0.81
0.81
0.81
0.81
0.81
0.81
0.81
0.81
0.81
0.81
0.81
0.81
0.81
0.81
0.81
0.79
0.77
0.76
0.75
0.75
0.74
0.74
0.75
0.75
0.76
0.76
0.75
0.76
0.78
0.79
0.80
0.81
0.80
0.80
0.80
0.80
0.80
0.80
0.80
0.81
0.81
0.80
0.80
0.80
0.80
0.80
0.80
0.80
0.80
0.80
0.80
0.80
0.80
0.80
0.80
0.79
0.79
0.79
0.79
0.79
0.79
0.79
0.79
0.79
0.79
0.79
0.78
0.78
0.78
0.79
0.78
0.78
0.78
0.78
0.79
0.79
0.79
0.79
0.79
0.79
0.79
0.79
0.79
0.79
0.79
0.79
0.79
0.79
0.79
0.80
0.80
0.80
0.80
0.81
0.81
0.81
0.81
0.81
0.81
0.81
0.81
0.81
0.81
0.81
0.81
0.81
0.81
0.81
0.81
0.81
0.81
0.81
0.81
0.81
0.81
0.81
0.81
0.81
0.81
0.81
0.81
0.81
0.81
0.81
0.81
0.81
0.81
0.81
0.81
0.81
0.81
0.81
0.81
0.81
0.81
0.81
0.81
0.81
0.81
0.81
0.81
0.81
0.81
0.81
0.81
0.81
0.81
0.81
0.81
0.81
0.81
0.81
0.81
0.81
0.81
0.81
0.81
0.81
0.81
0.81
0.81
0.81
0.81
0.81
0.81
0.81
0.81
0.81
0.81
0.81
0.81
0.81
0.81
0.81
0.81
0.81
0.81
0.81
0.81
0.81
0.81
0.81
0.81
0.81
0.81
0.81
0.81
0.81
0.81
0.81
0.81
0.81
0.81
0.48
0.81
0.81
0.81
0.81
0.78
0.75
0.74
0.74
0.15
0.73
0.73
0.73
0.73
0.73
0.73
0.73
0.73
0.73
0.73
0.73
0.73
0.73
0.73
0.73
0.73
0.73
0.73
0.73
0.73
0.73
0.73
0.73
0.73
0.73
0.73
0.73
0.73
0.73
0.73
0.73
0.73
0.73
0.73
0.73
0.73
0.73
0.73
0.73
0.73
0.73
0.73
0.73
0.73
0.73
0.73
0.73
0.73
0.73
0.73
0.73
0.73
0.73
0.73
0.73
0.73
0.73
0.73
0.73
0.73
0.73
0.73
0.73
0.73
0.73
0.73
0.73
0.73
0.73
0.73
0.73
0.73
0.73
0.73
0.73
0.73
0.73
0.73
0.73
0.73
0.73
0.73
0.73
0.73
0.73
0.73
0.73
0.73
0.73
0.73
0.73
0.73
0.73
0.73
0.73
0.73
0.73
0.73
0.73
0.73
0.72
0.71
0.70
0.69
0.69
0.68
0.68
0.69
0.56
0.71
0.72
0.72
0.73
0.29
0.75
0.77
0.78
0.78
0.77
0.77
0.76
0.77
0.77
0.78
0.78
0.79
0.80
0.80
0.80
0.80
0.80
0.80
0.80
0.80
0.80
0.80
0.80
0.81
0.81
0.81
0.81
0.81
0.80
0.78
0.77
0.77
0.76
0.75
0.75
0.75
0.75
0.74
0.74
0.73
0.73
0.73
0.74
