1.06
1.06
1.05
1.06
1.09
1.11
1.15
1.17
1.17
1.17
1.17
1.17
1.19
1.21
1.26
1.29
1.33
1.35
1.34
1.31
1.28
1.24
1.22
1.19
0.91
0.90
0.79
0.93
1.03
1.08
1.13
1.17
1.21
1.23
1.21
1.20
1.18
1.17
1.17
1.18
1.20
1.23
1.24
1.25
1.27
1.28
1.28
1.27
1.26
1.25
1.23
1.23
1.23
1.24
1.26
1.28
1.31
1.34
1.36
1.37
1.37
1.37
1.37
1.36
1.37
1.37
1.38
1.40
1.38
1.36
1.35
1.33
1.30
1.31
1.29
1.30
1.29
1.28
1.26
1.27
1.28
1.26
1.21
1.17
1.15
1.13
1.14
1.14
1.12
1.11
1.10
1.10
1.12
1.14
1.13
1.11
1.10
1.10
1.07
1.05
1.06
1.08
1.12
1.15
1.14
1.12
1.15
1.19
1.16
1.13
1.19
1.25
1.28
1.31
1.28
1.25
1.26
1.28
1.31
1.34
1.34
1.34
1.34
1.35
1.35
1.35
1.36
1.36
1.34
1.30
1.28
1.27
1.27
1.27
1.25
1.24
1.24
1.24
1.24
1.24
1.24
1.23
1.21
1.18
1.17
1.16
1.14
1.12
1.13
1.14
1.12
1.10
1.08
1.07
1.08
1.10
1.12
1.14
1.10
1.08
1.09
1.11
1.17
1.22
1.26
1.29
1.29
1.29
1.30
1.32
1.33
1.33
1.32
1.32
1.33
1.34
1.35
1.35
1.36
1.36
1.33
1.29
1.28
1.27
1.27
1.27
1.26
1.26
1.25
1.24
1.23
1.23
1.23
1.23
1.22
1.21
1.20
1.22
1.21
1.19
1.15
1.13
1.13
1.14
1.14
1.14
1.12
1.11
1.15
1.19
1.22
1.23
1.24
1.25
1.27
1.27
1.27
1.27
1.26
1.26
1.27
1.28
1.26
1.25
1.24
1.23
1.23
1.23
1.23
1.23
1.25
1.27
1.29
1.30
1.30
1.30
1.33
1.34
1.31
1.28
1.28
1.27
1.27
1.27
1.28
1.28
1.28
1.27
1.26
1.23
1.22
1.22
1.22
1.21
1.23
1.25
1.25
1.25
1.29
1.33
1.30
1.26
1.24
1.24
1.22
1.22
1.23
1.24
1.23
1.22
1.24
1.26
1.26
1.25
1.23
1.22
1.23
1.24
1.24
1.24
1.24
1.25
1.27
1.30
1.34
1.36
1.37
1.37
1.38
1.39
1.40
1.38
1.38
1.38
1.39
1.40
1.40
1.38
1.37
1.37
1.36
1.36
1.36
1.37
1.37
1.27
1.34
1.35
1.36
1.38
1.38
1.41
1.40
1.38
1.37
1.37
1.37
1.38
1.38
1.33
1.31
1.36
1.40
1.35
1.02
1.16
0.62
0.33
0.25
0.44
0.67
0.78
1.14
1.33
1.33
1.33
1.39
1.38
1.15
1.29
1.33
1.33
1.33
1.35
1.39
1.46
1.48
1.48
1.42
1.45
1.45
1.42
1.39
1.37
1.34
1.38
1.38
1.31
1.24
1.13
1.31
1.33
1.35
1.36
1.36
1.38
1.38
1.37
1.37
1.36
1.36
1.36
1.37
1.37
1.34
1.31
1.38
1.38
1.36
1.38
1.40
1.38
1.35
1.39
1.38
1.37
1.37
0.82
1.37
1.37
1.40
1.39
1.37
1.39
1.41
1.39
1.38
1.38
1.37
1.32
1.36
1.37
1.37
1.37
1.38
1.36
1.32
1.37
1.37
1.37
1.36
1.36
1.36
1.36
1.36
1.36
1.36
1.36
1.36
1.36
1.36
1.36
1.37
1.39
1.37
1.31
1.37
1.39
1.39
1.39
1.38
1.37
1.35
1.34
1.32
1.30
1.28
1.27
1.27
1.28
1.27
1.27
1.29
1.29
1.26
1.26
1.24
1.22
1.21
1.20
1.20
1.21
1.19
1.18
1.18
1.19
1.22
1.23
1.21
1.19
1.19
1.20
1.18
1.17
1.18
1.17
1.19
1.19
1.17
1.15
1.18
1.21
1.19
1.19
1.26
1.32
1.35
1.38
1.36
1.32
1.35
1.35
1.35
1.38
1.36
1.34
1.32
1.31
1.31
1.35
1.39
1.38
1.39
1.41
1.41
1.43
1.45
1.46
1.46
1.48
1.48
1.45
1.42
1.36
1.32
1.28
1.25
1.23
1.22
1.22
1.22
1.22
1.24
1.25
1.25
1.25
1.26
1.27
1.30
1.27
1.09
0.78
0.81
0.92
0.93
0.97
1.07
1.21
1.24
1.17
1.20
1.10
1.08
1.14
1.19
1.24
1.30
1.23
0.92
0.95
0.95
0.95
0.94
1.08
1.10
1.01
0.78
0.92
1.04
1.18
1.23
1.23
1.19
1.15
1.13
1.12
1.12
1.12
1.13
1.14
1.19
1.22
1.23
1.22
1.18
1.14
1.14
1.16
1.18
1.18
1.15
1.12
1.14
1.15
1.13
1.09
1.06
1.06
1.09
1.16
1.10
0.86
0.55
0.45
0.60
0.78
0.91
0.96
0.94
0.81
0.43
0.28
0.16
0.23
0.44
0.70
0.86
0.93
0.86
0.80
0.84
0.89
0.93
0.97
1.03
1.06
1.02
0.95
0.84
0.76
0.66
0.59
0.49
0.42
0.52
0.68
0.73
0.73
0.79
0.84
0.72
0.62
0.72
0.85
0.84
0.76
0.80
0.77
0.66
0.56
0.51
0.52
0.45
0.37
0.55
0.75
0.71
0.61
0.59
0.68
0.88
1.05
1.05
0.99
0.94
0.95
1.00
1.04
1.11
1.15
1.14
1.12
1.12
1.12
1.06
1.01
1.05
1.09
1.09
1.06
1.07
1.07
1.02
0.95
0.88
0.83
0.71
0.64
0.68
0.72
0.69
0.69
0.77
0.85
0.85
0.82
0.72
0.62
0.68
0.78
0.78
0.74
0.60
0.34
0.05
0.03
0.10
0.21
0.30
0.41
0.32
0.19
0.39
0.54
0.34
0.32
0.42
0.51
0.47
0.46
0.43
0.46
0.40
0.49
0.66
0.78
0.78
0.84
0.93
0.94
0.90
0.87
0.85
0.82
0.82
0.84
0.89
0.93
0.93
0.93
0.91
0.89
0.89
0.90
0.96
1.02
1.05
1.03
1.02
1.01
0.85
0.59
0.41
0.36
0.22
0.28
0.37
0.48
0.61
0.77
0.91
1.02
0.74
0.42
0.28
0.30
0.35
0.40
0.47
0.34
0.26
0.14
0.16
0.41
0.68
0.50
0.39
0.33
0.04
0.04
0.17
0.44
0.73
0.91
0.85
0.73
0.94
0.98
0.71
0.60
0.63
0.80
1.03
1.17
1.29
1.38
1.46
1.51
1.51
1.49
1.47
1.45
1.43
1.41
1.39
1.38
1.33
0.95
1.19
1.25
1.28
1.32
1.29
1.29
1.36
1.37
1.35
1.34
1.33
1.33
1.34
1.35
1.35
1.36
1.36
1.35
1.36
1.32
1.29
1.30
1.32
1.32
1.32
1.33
1.33
1.33
1.34
1.35
1.36
1.36
1.36
1.36
1.36
1.36
1.36
0.81
1.17
1.13
1.21
1.28
1.32
1.34
1.36
1.36
1.37
1.37
1.36
1.37
1.39
1.43
1.45
1.46
1.45
1.44
1.44
1.42
1.41
1.41
1.40
1.41
1.41
1.41
1.39
1.65
1.39
1.41
1.43
1.43
1.41
1.40
1.40
1.41
1.41
1.42
1.42
1.41
1.43
1.44
1.42
1.43
1.43
1.44
1.44
1.42
1.40
1.38
1.37
1.37
1.37
1.38
1.40
1.41
1.41
1.39
1.40
1.42
1.43
1.43
1.42
1.44
1.45
1.43
1.42
1.43
1.43
1.43
1.42
1.41
1.42
1.43
1.43
1.42
1.42
1.43
1.44
1.44
1.43
1.42
1.41
1.41
1.41
1.42
1.42
1.44
1.45
1.40
1.32
1.30
1.30
1.32
1.32
1.34
1.34
1.26
1.16
1.17
1.18
1.14
1.12
1.08
1.07
1.02
0.95
0.91
0.86
0.83
0.78
0.82
0.89
0.93
1.01
1.06
1.03
0.99
0.91
0.90
0.91
0.92
0.93
0.90
0.97
1.02
0.96
0.87
0.76
0.70
0.76
0.88
0.88
0.89
0.92
0.96
0.96
0.96
1.06
1.13
1.18
1.15
1.01
0.90
0.80
0.77
0.77
0.82
0.85
0.85
0.88
0.88
0.88
0.82
0.83
0.80
0.72
0.71
0.83
0.92
0.99
1.07
1.07
1.05
1.06
1.09
0.98
0.33
0.19
0.38
0.58
0.73
0.76
0.44
