1.30
1.26
1.12
0.67
0.86
0.85
0.95
1.12
1.23
1.28
1.31
1.27
1.26
1.26
1.21
1.20
1.18
1.16
1.15
1.14
1.14
1.15
1.17
1.17
1.17
1.15
1.15
1.18
1.19
1.19
1.19
1.19
1.18
1.14
1.10
1.07
1.05
1.07
1.08
1.10
1.12
1.10
1.11
1.08
1.07
1.13
1.18
1.17
1.14
1.12
1.11
1.12
1.13
1.08
1.04
1.07
1.11
1.06
1.02
1.02
1.03
1.09
1.14
1.13
1.11
1.09
1.08
1.10
1.10
1.14
1.19
1.24
1.27
1.28
1.24
1.13
1.01
0.94
0.92
0.87
0.80
0.82
0.84
0.81
0.82
0.84
0.83
0.89
0.87
0.90
0.94
0.89
0.59
0.87
0.98
1.04
1.10
1.07
1.00
0.91
0.90
0.93
0.91
0.87
0.95
1.02
1.01
1.07
1.13
1.13
1.15
1.20
1.25
1.28
1.28
1.30
1.32
1.31
1.28
1.28
1.29
1.31
1.33
1.35
1.38
1.39
1.40
1.40
1.40
1.40
1.39
1.40
1.40
1.40
1.39
1.39
1.40
1.42
1.44
1.44
1.44
1.44
1.44
1.45
1.43
1.44
1.45
1.39
1.29
1.28
1.24
1.19
1.11
1.05
1.15
1.23
1.28
1.31
1.33
1.34
1.34
1.32
1.28
1.26
1.23
1.19
1.17
1.19
1.21
1.20
1.18
1.21
1.24
1.23
1.21
1.20
1.19
1.18
1.19
1.17
1.18
1.18
1.16
1.16
1.18
1.16
1.13
1.13
1.14
1.14
1.15
1.17
1.22
1.27
1.27
1.24
1.16
1.04
0.90
0.77
0.72
0.77
1.01
0.81
0.80
0.85
0.85
0.84
0.87
0.90
0.93
0.88
0.86
0.99
1.08
1.06
1.07
1.09
1.15
1.26
1.34
1.39
1.42
1.41
1.38
1.37
1.35
1.38
1.40
1.43
1.46
1.47
1.42
1.26
1.36
1.38
1.40
1.43
1.44
1.44
1.45
1.45
1.46
1.42
1.36
1.32
1.29
1.25
1.27
1.33
1.34
1.31
1.22
1.11
1.00
0.91
0.85
0.84
0.87
0.92
0.94
0.96
0.97
0.99
1.03
1.07
1.11
1.15
1.20
1.25
1.28
1.31
1.31
1.26
1.19
1.12
1.08
1.13
1.20
1.27
1.30
1.33
1.35
1.35
1.35
1.36
1.37
1.37
1.35
1.33
1.28
1.25
1.22
1.20
1.22
1.24
1.29
1.33
1.36
1.41
1.43
1.40
1.38
1.39
1.39
1.37
1.36
1.33
1.29
1.28
1.29
1.30
1.31
1.32
1.34
1.35
1.32
1.26
1.22
1.23
1.27
1.32
1.35
1.38
1.40
1.40
1.40
1.40
1.40
1.40
1.39
1.39
1.39
1.39
1.39
1.39
1.39
1.39
1.39
1.39
1.39
1.37
1.35
1.32
1.31
1.30
1.30
1.30
1.30
1.29
1.29
1.29
1.28
1.27
1.27
1.26
1.25
1.26
1.25
1.24
1.23
1.23
1.22
1.24
1.25
1.24
1.22
1.20
1.20
1.20
1.19
1.20
1.21
1.23
1.25
1.28
1.30
1.32
1.33
1.34
1.33
1.34
1.35
1.36
1.37
1.36
1.37
1.39
1.41
1.42
1.42
1.41
1.39
1.39
1.39
1.39
1.39
1.39
1.39
1.39
1.39
1.39
1.39
1.40
1.37
1.23
1.33
1.34
1.37
1.36
1.33
1.27
1.20
1.20
1.22
1.23
1.23
1.24
1.25
1.26
1.27
1.25
1.23
1.21
1.20
1.23
1.24
1.21
1.20
1.21
1.19
1.14
1.17
1.19
1.19
1.20
1.21
1.20
1.20
1.24
1.25
1.22
1.19
1.22
1.24
1.24
1.24
1.22
1.21
1.22
1.23
1.21
1.19
1.19
1.19
1.20
1.20
1.20
1.20
1.19
1.18
1.19
1.19
1.17
1.16
1.19
1.21
1.18
1.16
1.17
1.18
1.18
1.18
1.18
1.17
1.17
1.17
1.18
1.18
1.17
1.17
1.16
1.17
1.17
1.11
1.20
1.21
1.18
1.19
1.23
1.25
1.28
1.29
1.28
1.28
1.26
1.24
1.19
1.17
1.17
1.15
1.10
1.05
1.04
1.04
1.05
1.08
1.11
1.15
1.16
1.14
1.11
1.12
1.15
1.13
1.12
1.10
1.00
0.95
0.94
0.95
0.95
0.88
0.86
0.83
0.75
0.73
0.83
0.90
0.86
0.83
0.90
0.98
0.99
1.01
1.06
1.09
1.04
0.90
0.77
0.69
0.52
0.44
0.46
0.56
0.67
0.72
0.63
0.66
0.62
0.57
0.66
0.76
0.90
1.01
0.90
0.81
0.86
0.91
0.83
0.81
0.81
0.83
0.91
0.95
1.00
1.02
1.03
1.00
0.90
0.80
0.74
0.71
0.66
0.66
0.83
0.87
0.67
0.53
0.55
0.62
0.74
0.84
0.94
0.97
0.94
0.85
0.80
0.80
0.78
0.80
0.93
1.02
1.09
1.11
0.98
0.91
1.00
1.07
0.99
0.92
0.96
0.94
0.85
0.61
0.40
0.22
0.29
0.46
0.65
0.98
1.10
1.26
1.30
1.31
1.32
1.24
0.99
0.69
0.56
0.57
0.57
0.59
0.68
0.76
0.88
0.97
0.93
0.91
0.96
0.99
0.96
1.02
1.15
1.16
1.06
1.01
1.01
1.01
0.87
0.71
0.58
0.51
0.57
0.57
0.46
0.41
0.57
0.67
0.47
0.45
0.61
0.73
0.83
0.82
0.74
0.73
0.84
0.97
1.06
1.11
1.04
1.00
1.03
1.04
0.83
0.75
0.51
0.47
0.58
0.77
0.89
0.92
0.96
0.93
0.96
0.99
0.93
0.89
0.95
1.01
1.01
1.03
1.09
1.15
1.21
1.24
1.19
1.15
1.15
1.15
1.13
1.11
1.14
1.16
1.16
1.17
1.20
1.21
1.17
1.15
1.17
1.19
1.20
1.21
1.20
1.20
1.18
1.18
1.19
1.21
1.23
1.25
1.23
1.19
1.13
1.08
1.08
1.09
1.08
1.09
1.13
1.16
1.18
1.19
1.22
1.25
1.24
1.22
1.18
1.14
1.09
1.05
1.05
1.05
1.02
1.00
1.00
1.00
0.99
0.98
1.01
1.04
1.15
1.23
1.22
1.24
1.30
1.36
1.38
1.40
1.39
1.39
1.38
1.38
1.40
1.41
1.39
1.38
1.39
1.39
1.40
1.40
1.40
1.40
1.39
1.39
1.39
1.39
1.38
1.37
1.37
1.37
1.37
1.36
1.35
1.33
1.32
1.33
1.35
1.34
1.35
1.36
1.36
1.36
1.34
1.30
1.25
1.23
1.25
1.29
1.32
1.35
1.37
1.38
1.37
1.34
1.32
1.30
1.29
1.28
1.27
1.25
1.24
1.23
1.21
1.18
1.16
1.14
1.15
1.14
1.12
1.10
1.09
1.08
1.04
1.02
1.00
0.99
0.98
0.99
1.05
1.09
1.10
1.09
1.06
1.04
1.04
1.06
1.10
1.13
1.14
1.14
1.19
1.22
1.21
1.20
1.20
1.20
1.16
1.14
1.16
1.17
1.16
1.17
1.21
1.23
1.27
1.29
1.25
1.21
1.19
1.17
1.17
1.17
1.19
1.20
1.18
1.15
1.14
1.13
1.14
1.16
1.15
1.11
1.05
1.00
0.97
0.95
0.92
0.92
0.98
1.02
1.03
1.03
1.09
1.15
1.13
1.08
1.07
1.03
0.93
0.89
0.96
1.04
1.13
1.21
1.28
1.31
1.29
1.27
1.22
1.19
1.23
1.26
1.26
1.25
1.25
1.26
1.25
1.24
1.22
1.20
1.21
1.22
1.21
1.21
1.25
1.28
1.27
1.27
1.29
1.31
1.30
1.31
1.35
1.38
1.39
1.40
1.42
1.41
1.37
1.32
1.31
1.30
1.28
1.28
1.27
1.27
1.27
1.27
1.27
1.28
1.27
1.26
1.27
1.28
1.29
1.30
1.30
1.29
1.29
1.26
1.22
1.20
1.19
1.14
1.10
1.08
1.05
1.02
0.97
0.96
0.99
1.00
0.99
0.99
0.99
1.00
1.03
1.07
1.10
1.12
1.15
1.20
1.22
1.21
1.21
1.21
1.23
1.26
1.28
1.30
1.32
1.35
1.05
1.06
1.13
1.15
1.26
1.35
1.39
1.29
1.11
1.28
1.31
1.19
1.05
1.28
1.40
1.31
1.15
1.19
0.99
1.04
1.07
0.82
0.99
1.09
1.17
