305.94,574.47,1.5
305.94,574.30,1.5
305.94,574.13,1.5
305.93,573.97,1.5
305.90,573.77,1.5
305.88,573.60,1.5
305.86,573.40,1.5
305.83,573.21,1.5
305.80,573.01,1.5
305.79,572.80,1.5
305.79,572.61,1.5
305.79,572.44,1.5
305.79,572.28,1.5
305.80,572.12,1.5
305.83,571.96,1.5
305.84,571.80,1.5
305.85,571.65,1.5
305.88,571.51,1.5
305.90,571.37,1.5
305.94,571.24,1.5
305.97,571.10,1.5
305.98,570.96,1.5
305.97,570.82,1.5
305.97,570.66,1.5
305.96,570.49,1.5
305.95,570.32,1.5
305.94,570.14,1.5
305.90,569.97,1.5
305.85,569.81,1.5
305.81,569.64,1.5
305.76,569.47,1.5
305.72,569.29,1.5
305.68,569.09,1.5
305.64,568.88,1.5
305.60,568.67,1.5
305.57,568.48,1.5
305.54,568.29,1.5
305.52,568.11,1.5
305.50,567.94,1.5
305.50,567.76,1.5
305.50,567.57,1.5
305.49,567.38,1.5
305.48,567.18,1.5
305.48,566.96,1.5
305.48,566.74,1.5
305.47,566.52,1.5
305.46,566.30,1.5
305.47,566.09,1.5
305.50,565.90,1.5
305.51,565.86,1.5
305.53,565.68,1.5
305.52,565.50,1.5
305.48,565.32,1.5
305.44,565.13,1.5
305.39,564.94,1.5
305.34,564.76,1.5
305.28,564.57,1.5
305.23,564.38,1.5
305.18,564.19,1.5
305.14,564.00,1.5
305.10,563.81,1.5
305.05,563.60,1.5
305.01,563.40,1.5
304.96,563.20,1.5
304.91,563.00,1.5
304.86,562.80,1.5
304.80,562.60,1.5
304.76,562.40,1.5
304.72,562.19,1.5
304.68,561.98,1.5
304.64,561.76,1.5
304.59,561.55,1.5
304.55,561.34,1.5
304.51,561.13,1.5
304.47,560.92,1.5
304.43,560.71,1.5
304.39,560.51,1.5
304.34,560.30,1.5
304.30,560.08,1.5
304.26,559.87,1.5
304.21,559.66,1.5
304.17,559.45,1.5
304.13,559.24,1.5
304.09,559.03,1.5
304.05,558.81,1.5
304.02,558.59,1.5
303.98,558.36,1.5
303.93,558.13,1.5
303.89,557.90,1.5
303.84,557.67,1.5
303.80,557.44,1.5
303.76,557.21,1.5
303.72,556.98,1.5
303.68,556.75,1.5
303.65,556.52,1.5
303.61,556.30,1.5
303.57,556.07,1.5
303.53,555.84,1.5
303.49,555.61,1.5
303.45,555.38,1.5
303.41,555.15,1.5
303.37,554.93,1.5
303.33,554.70,1.5
303.29,554.47,1.5
303.25,554.24,1.5
303.21,554.01,1.5
303.17,553.78,1.5
303.13,553.55,1.5
303.09,553.32,1.5
303.05,553.09,1.5
303.01,552.86,1.5
302.97,552.63,1.5
302.93,552.39,1.5
302.90,552.15,1.5
302.87,551.92,1.5
302.84,551.68,1.5
302.81,551.44,1.5
302.79,551.21,1.5
302.77,550.97,1.5
302.75,550.75,1.5
302.74,550.53,1.5
302.73,550.31,1.5
302.72,550.10,1.5
302.70,549.89,1.5
302.68,549.68,1.5
302.65,549.46,1.5
302.62,549.25,1.5
302.59,549.04,1.5
302.56,548.83,1.5
302.52,548.62,1.5
302.48,548.40,1.5
302.44,548.17,1.5
302.40,547.95,1.5
302.35,547.73,1.5
302.31,547.51,1.5
302.25,547.29,1.5
302.19,547.07,1.5
302.13,546.85,1.5
302.07,546.63,1.5
302.01,546.42,1.5
301.95,546.21,1.5
301.89,545.99,1.5
301.84,545.78,1.5
301.78,545.57,1.5
301.72,545.35,1.5
301.66,545.14,1.5
301.60,544.92,1.5
301.54,544.71,1.5
301.49,544.50,1.5
301.43,544.28,1.5
301.38,544.07,1.5
301.32,543.86,1.5
301.27,543.64,1.5
301.22,543.43,1.5
301.17,543.22,1.5
301.12,543.01,1.5
301.06,542.80,1.5
301.01,542.59,1.5
300.96,542.38,1.5
300.91,542.17,1.5
300.86,541.96,1.5
300.81,541.74,1.5
300.76,541.53,1.5
300.72,541.31,1.5
300.68,541.09,1.5
300.63,540.87,1.5
300.59,540.65,1.5
300.55,540.44,1.5
300.51,540.22,1.5
300.47,540.01,1.5
300.42,539.79,1.5
300.38,539.57,1.5
300.34,539.35,1.5
300.30,539.14,1.5
300.25,538.92,1.5
300.21,538.71,1.5
300.16,538.50,1.5
300.11,538.28,1.5
300.07,538.07,1.5
300.02,537.86,1.5
299.97,537.65,1.5
299.91,537.45,1.5
299.85,537.25,1.5
299.80,537.05,1.5
299.75,536.86,1.5
299.71,536.66,1.5
299.69,536.48,1.5
299.67,536.29,1.5
299.64,536.11,1.5
299.61,535.93,1.5
299.58,535.74,1.5
299.56,535.55,1.5
299.54,535.35,1.5
299.51,535.14,1.5
299.48,534.93,1.5
299.44,534.71,1.5
299.41,534.49,1.5
299.37,534.27,1.5
299.33,534.04,1.5
299.30,533.82,1.5
299.26,533.59,1.5
299.23,533.37,1.5
299.20,533.14,1.5
299.17,532.91,1.5
299.14,532.69,1.5
299.10,532.47,1.5
299.06,532.24,1.5
299.01,532.02,1.5
298.96,531.80,1.5
298.91,531.59,1.5
298.86,531.37,1.5
298.80,531.16,1.5
298.75,530.94,1.5
298.70,530.73,1.5
298.64,530.51,1.5
298.59,530.30,1.5
298.54,530.09,1.5
298.48,529.88,1.5
298.43,529.67,1.5
298.38,529.46,1.5
298.33,529.25,1.5
298.29,529.04,1.5
298.24,528.84,1.5
298.20,528.62,1.5
298.15,528.41,1.5
298.11,528.20,1.5
298.06,527.99,1.5
298.01,527.77,1.5
297.96,527.56,1.5
297.92,527.34,1.5
297.88,527.12,1.5
297.85,526.90,1.5
297.82,526.67,1.5
297.78,526.45,1.5
297.75,526.22,1.5
297.72,525.99,1.5
297.69,525.76,1.5
297.65,525.53,1.5
297.62,525.29,1.5
297.60,525.06,1.5
297.57,524.82,1.5
297.55,524.59,1.5
297.53,524.35,1.5
297.50,524.12,1.5
297.48,523.89,1.5
297.47,523.66,1.5
297.46,523.44,1.5
297.45,523.22,1.5
297.45,523.00,1.5
297.44,522.78,1.5
297.42,522.57,1.5
297.41,522.35,1.5
297.40,522.14,1.5
297.38,521.93,1.5
297.36,521.71,1.5
297.35,521.49,1.5
297.33,521.28,1.5
297.31,521.06,1.5
297.29,520.83,1.5
297.27,520.62,1.5
297.25,520.40,1.5
297.23,520.19,1.5
297.21,519.98,1.5
297.17,519.77,1.5
297.14,519.57,1.5
297.09,519.37,1.5
297.05,519.16,1.5
297.01,518.96,1.5
296.96,518.76,1.5
296.92,518.56,1.5
296.88,518.36,1.5
296.83,518.15,1.5
296.78,517.94,1.5
296.73,517.72,1.5
296.68,517.51,1.5
296.62,517.29,1.5
296.57,517.07,1.5
296.53,516.85,1.5
296.48,516.62,1.5
296.44,516.39,1.5
296.40,516.17,1.5
296.36,515.94,1.5
296.32,515.71,1.5
296.28,515.49,1.5
296.25,515.26,1.5
296.21,515.03,1.5
296.18,514.81,1.5
296.14,514.58,1.5
296.11,514.35,1.5
296.07,514.12,1.5
296.04,513.90,1.5
296.00,513.67,1.5
295.97,513.44,1.5
295.93,513.22,1.5
295.89,512.99,1.5
295.86,512.76,1.5
295.82,512.54,1.5
295.79,512.31,1.5
295.75,512.08,1.5
295.72,511.86,1.5
295.68,511.63,1.5
295.64,511.40,1.5
295.61,511.17,1.5
295.57,510.95,1.5
295.54,510.72,1.5
295.50,510.49,1.5
295.47,510.27,1.5
295.43,510.04,1.5
295.40,509.81,1.5
295.36,509.59,1.5
295.33,509.36,1.5
295.29,509.13,1.5
295.25,508.91,1.5
295.22,508.68,1.5
295.18,508.45,1.5
295.15,508.23,1.5
295.11,508.00,1.5
295.08,507.77,1.5
295.04,507.55,1.5
295.01,507.32,1.5
294.97,507.09,1.5
294.93,506.87,1.5
294.90,506.64,1.5
294.86,506.41,1.5
294.83,506.19,1.5
294.79,505.96,1.5
294.76,505.73,1.5
294.72,505.51,1.5
294.69,505.28,1.5
294.65,505.05,1.5
294.62,504.83,1.5
294.58,504.60,1.5
294.54,504.37,1.5
294.51,504.15,1.5
294.47,503.92,1.5
294.44,503.69,1.5
294.40,503.47,1.5
294.37,503.24,1.5
294.33,503.01,1.5
294.30,502.79,1.5
294.26,502.56,1.5
294.23,502.33,1.5
294.19,502.11,1.5
294.15,501.88,1.5
294.12,501.65,1.5
294.08,501.43,1.5
294.05,501.20,1.5
294.01,500.97,1.5
293.98,500.75,1.5
293.94,500.52,1.5
293.90,500.29,1.5
293.87,500.07,1.5
293.83,499.84,1.5
293.80,499.61,1.5
293.76,499.39,1.5
293.73,499.16,1.5
293.69,498.93,1.5
293.66,498.71,1.5
293.62,498.48,1.5
293.58,498.25,1.5
293.55,498.03,1.5
293.51,497.80,1.5
293.48,497.57,1.5
293.44,497.35,1.5
293.40,497.12,1.5
293.35,496.90,1.5
293.31,496.68,1.5
293.26,496.47,1.5
293.21,496.25,1.5
293.16,496.04,1.5
293.12,495.82,1.5
293.08,495.60,1.5
293.05,495.38,1.5
293.01,495.15,1.5
292.98,494.92,1.5
292.94,494.70,1.5
292.91,494.47,1.5
292.87,494.24,1.5
292.84,494.02,1.5
292.80,493.79,1.5
292.77,493.56,1.5
292.73,493.33,1.5
292.69,493.10,1.5
292.65,492.87,1.5
292.61,492.64,1.5
292.56,492.41,1.5
292.51,492.18,1.5
292.45,491.95,1.5
292.39,491.74,1.5
292.33,491.53,1.5
292.27,491.32,1.5
292.22,491.11,1.5
292.17,490.91,1.5
292.12,490.70,1.5
292.08,490.50,1.5
292.04,490.29,1.5
292.00,490.08,1.5
291.96,489.87,1.5
291.93,489.65,1.5
291.90,489.42,1.5
291.87,489.20,1.5
291.84,488.97,1.5
291.81,488.75,1.5
291.78,488.52,1.5
291.74,488.30,1.5
291.71,488.07,1.5
291.68,487.85,1.5
291.64,487.62,1.5
291.61,487.40,1.5
291.58,487.17,1.5
291.55,486.94,1.5
291.52,486.71,1.5
291.49,486.48,1.5
291.46,486.25,1.5
291.42,486.03,1.5
291.39,485.80,1.5
291.36,485.57,1.5
291.33,485.35,1.5
291.30,485.12,1.5
291.27,484.89,1.5
291.23,484.67,1.5
291.20,484.44,1.5
291.17,484.21,1.5
291.14,483.98,1.5
291.10,483.76,1.5
291.07,483.53,1.5
291.04,483.30,1.5
291.01,483.07,1.5
290.98,482.85,1.5
290.94,482.62,1.5
290.91,482.39,1.5
290.87,482.16,1.5
290.84,481.93,1.5
290.80,481.70,1.5
290.75,481.47,1.5
290.70,481.24,1.5
290.65,481.02,1.5
290.59,480.80,1.5
290.53,480.60,1.5
290.48,480.39,1.5
290.43,480.19,1.5
290.38,479.98,1.5
290.35,479.77,1.5
290.31,479.57,1.5
290.28,479.36,1.5
290.25,479.15,1.5
290.22,478.93,1.5
290.20,478.71,1.5
290.17,478.49,1.5
290.14,478.27,1.5
290.11,478.04,1.5
290.08,477.82,1.5
290.06,477.59,1.5
290.03,477.36,1.5
290.00,477.14,1.5
289.97,476.91,1.5
289.94,476.68,1.5
289.91,476.45,1.5
289.88,476.22,1.5
289.85,475.99,1.5
289.82,475.76,1.5
289.79,475.54,1.5
289.77,475.31,1.5
289.74,475.08,1.5
289.71,474.85,1.5
289.68,474.62,1.5
289.65,474.39,1.5
289.62,474.15,1.5
289.59,473.91,1.5
289.56,473.67,1.5
289.53,473.42,1.5
289.50,473.17,1.5
289.47,472.92,1.5
289.44,472.67,1.5
289.40,472.42,1.5
289.37,472.18,1.5
289.34,471.95,1.5
289.31,471.72,1.5
289.28,471.49,1.5
289.25,471.27,1.5
289.21,471.04,1.5
289.18,470.81,1.5
289.16,470.59,1.5
289.13,470.36,1.5
289.10,470.13,1.5
289.06,469.90,1.5
289.04,469.67,1.5
289.01,469.44,1.5
288.98,469.22,1.5
288.95,468.99,1.5
288.92,468.77,1.5
288.90,468.54,1.5
288.88,468.32,1.5
288.86,468.10,1.5
288.83,467.87,1.5
288.81,467.65,1.5
288.79,467.43,1.5
288.76,467.21,1.5
288.73,466.98,1.5
288.71,466.75,1.5
288.68,466.52,1.5
288.65,466.30,1.5
288.62,466.09,1.5
288.58,465.88,1.5
288.53,465.68,1.5
288.49,465.50,1.5
288.45,465.33,1.5
288.41,465.17,1.5
288.36,465.01,1.5
288.29,464.86,1.5
288.21,464.72,1.5
288.11,464.57,1.5
288.00,464.43,1.5
287.89,464.30,1.5
287.76,464.18,1.5
287.64,464.04,1.5
287.51,463.90,1.5
287.36,463.76,1.5
287.20,463.62,1.5
287.04,463.49,1.5
286.87,463.36,1.5
286.71,463.23,1.5
286.55,463.10,1.5
286.40,462.97,1.5
286.25,462.85,1.5
286.09,462.73,1.5
285.94,462.62,1.5
285.78,462.51,1.5
285.62,462.39,1.5
285.45,462.27,1.5
285.28,462.16,1.5
285.11,462.06,1.5
284.94,461.96,1.5
284.76,461.87,1.5
284.57,461.79,1.5
284.37,461.73,1.5
284.18,461.68,1.5
284.01,461.62,1.5
283.84,461.57,1.5
283.69,461.52,1.5
283.55,461.46,1.5
283.39,461.39,1.5
283.22,461.32,1.5
283.06,461.24,1.5
282.90,461.16,1.5
282.73,461.10,1.5
282.56,461.07,1.5
282.41,461.04,1.5
282.27,461.01,1.5
282.15,460.96,1.5
282.02,460.92,1.5
281.87,460.88,1.5
281.70,460.84,1.5
281.53,460.80,1.5
281.37,460.75,1.5
281.20,460.71,1.5
281.01,460.67,1.5
280.82,460.67,1.5
280.62,460.68,1.5
280.43,460.67,1.5
280.25,460.65,1.5
280.08,460.64,1.5
279.91,460.63,1.5
279.73,460.63,1.5
279.54,460.63,1.5
279.34,460.61,1.5
279.13,460.59,1.5
278.91,460.57,1.5
278.70,460.55,1.5
278.49,460.55,1.5
278.30,460.56,1.5
278.11,460.57,1.5
277.92,460.59,1.5
277.73,460.63,1.5
277.56,460.67,1.5
277.40,460.70,1.5
277.24,460.73,1.5
277.07,460.76,1.5
276.89,460.78,1.5
276.71,460.80,1.5
276.54,460.81,1.5
276.38,460.83,1.5
276.22,460.85,1.5
276.05,460.86,1.5
275.87,460.87,1.5
275.69,460.86,1.5
275.52,460.85,1.5
275.36,460.84,1.5
275.19,460.83,1.5
275.03,460.82,1.5
274.85,460.81,1.5
274.67,460.78,1.5
274.47,460.75,1.5
274.26,460.72,1.5
274.05,460.69,1.5
273.85,460.65,1.5
273.64,460.61,1.5
273.44,460.56,1.5
273.24,460.51,1.5
273.04,460.45,1.5
272.83,460.40,1.5
272.63,460.34,1.5
272.43,460.29,1.5
272.23,460.23,1.5
272.02,460.18,1.5
271.81,460.13,1.5
271.60,460.08,1.5
271.38,460.04,1.5
271.16,460.00,1.5
270.94,459.96,1.5
270.72,459.92,1.5
270.50,459.88,1.5
270.27,459.84,1.5
270.05,459.80,1.5
269.82,459.76,1.5
269.59,459.73,1.5
269.36,459.71,1.5
269.12,459.68,1.5
268.88,459.66,1.5
268.65,459.62,1.5
268.43,459.59,1.5
268.20,459.56,1.5
267.97,459.52,1.5
267.74,459.50,1.5
267.51,459.49,1.5
267.28,459.48,1.5
267.06,459.47,1.5
266.84,459.46,1.5
266.63,459.45,1.5
266.42,459.44,1.5
266.21,459.43,1.5
265.99,459.42,1.5
265.78,459.42,1.5
265.55,459.43,1.5
265.33,459.46,1.5
265.11,459.51,1.5
264.90,459.54,1.5
264.69,459.56,1.5
264.48,459.56,1.5
264.27,459.55,1.5
264.07,459.54,1.5
263.87,459.54,1.5
263.66,459.53,1.5
263.45,459.53,1.5
263.23,459.54,1.5
263.02,459.56,1.5
262.80,459.58,1.5
262.59,459.61,1.5
262.41,459.61,1.5
262.32,459.50,1.5
262.17,459.37,1.5
261.97,459.33,1.5
261.76,459.36,1.5
261.54,459.40,1.5
261.36,459.43,1.5
261.15,459.47,1.5
260.97,459.51,1.5
260.84,459.58,1.5
260.74,459.69,1.5
260.60,459.76,1.5
260.42,459.79,1.5
260.22,459.82,1.5
260.00,459.86,1.5
259.80,459.94,1.5
259.61,460.04,1.5
259.41,460.12,1.5
259.22,460.20,1.5
259.02,460.27,1.5
258.82,460.35,1.5
258.62,460.44,1.5
258.43,460.56,1.5
258.25,460.70,1.5
258.05,460.82,1.5
257.86,460.93,1.5
257.66,461.03,1.5
257.45,461.13,1.5
257.25,461.23,1.5
257.04,461.33,1.5
256.84,461.44,1.5
256.63,461.55,1.5
256.43,461.66,1.5
256.22,461.79,1.5
256.02,461.91,1.5
255.82,462.04,1.5
255.61,462.17,1.5
255.41,462.30,1.5
255.21,462.45,1.5
255.01,462.59,1.5
254.82,462.73,1.5
254.62,462.89,1.5
254.42,463.05,1.5
254.24,463.21,1.5
254.06,463.37,1.5
253.87,463.52,1.5
253.68,463.65,1.5
253.48,463.78,1.5
253.28,463.90,1.5
253.08,464.01,1.5
252.88,464.13,1.5
252.68,464.24,1.5
252.48,464.36,1.5
252.28,464.48,1.5
252.09,464.60,1.5
251.89,464.71,1.5
251.69,464.83,1.5
251.49,464.95,1.5
251.30,465.07,1.5
251.10,465.19,1.5
250.90,465.31,1.5
250.71,465.43,1.5
250.51,465.55,1.5
250.31,465.68,1.5
250.12,465.80,1.5
249.92,465.92,1.5
249.73,466.04,1.5
249.53,466.17,1.5
249.34,466.29,1.5
249.14,466.42,1.5
248.95,466.56,1.5
248.77,466.72,1.5
248.61,466.91,1.5
248.44,467.09,1.5
248.26,467.25,1.5
248.06,467.40,1.5
247.87,467.55,1.5
247.68,467.69,1.5
247.49,467.83,1.5
247.29,467.96,1.5
247.10,468.09,1.5
246.90,468.21,1.5
246.71,468.36,1.5
246.52,468.54,1.5
246.36,468.73,1.5
246.19,468.86,1.5
245.98,468.98,1.5
245.77,469.12,1.5
245.57,469.26,1.5
245.37,469.41,1.5
245.18,469.55,1.5
244.98,469.70,1.5
244.79,469.86,1.5
244.60,470.00,1.5
244.40,470.14,1.5
244.20,470.27,1.5
243.99,470.40,1.5
243.78,470.52,1.5
243.57,470.65,1.5
243.35,470.77,1.5
243.13,470.89,1.5
242.92,471.00,1.5
242.70,471.12,1.5
242.48,471.23,1.5
242.27,471.35,1.5
242.05,471.46,1.5
241.84,471.57,1.5
241.63,471.68,1.5
241.42,471.81,1.5
241.21,471.95,1.5
241.01,472.09,1.5
240.85,472.24,1.5
240.74,472.40,1.5
240.63,472.56,1.5
240.47,472.68,1.5
240.29,472.79,1.5
240.10,472.88,1.5
239.90,472.96,1.5
239.71,473.04,1.5
239.52,473.10,1.5
239.33,473.17,1.5
239.15,473.24,1.5
238.98,473.32,1.5
238.80,473.41,1.5
238.63,473.51,1.5
238.47,473.62,1.5
238.31,473.73,1.5
238.15,473.83,1.5
237.99,473.92,1.5
237.84,474.02,1.5
237.69,474.12,1.5
237.54,474.25,1.5
237.41,474.40,1.5
237.40,474.56,1.5
237.38,474.76,1.5
237.29,474.93,1.5
237.15,475.07,1.5
236.99,475.20,1.5
236.82,475.34,1.5
236.63,475.48,1.5
236.43,475.62,1.5
236.23,475.76,1.5
236.03,475.89,1.5
235.84,476.03,1.5
235.64,476.17,1.5
235.44,476.30,1.5
235.24,476.43,1.5
235.04,476.57,1.5
234.84,476.71,1.5
234.64,476.84,1.5
234.43,476.97,1.5
234.23,477.09,1.5
234.04,477.22,1.5
233.85,477.35,1.5
233.67,477.48,1.5
233.48,477.60,1.5
233.30,477.72,1.5
233.12,477.83,1.5
232.93,477.94,1.5
232.75,478.04,1.5
232.56,478.12,1.5
232.38,478.20,1.5
232.20,478.28,1.5
232.01,478.37,1.5
231.83,478.47,1.5
231.65,478.56,1.5
231.46,478.66,1.5
231.28,478.75,1.5
231.10,478.85,1.5
230.92,478.96,1.5
230.74,479.07,1.5
230.55,479.19,1.5
230.37,479.32,1.5
230.19,479.46,1.5
230.01,479.60,1.5
229.83,479.74,1.5
229.64,479.88,1.5
229.46,480.03,1.5
229.28,480.18,1.5
229.10,480.32,1.5
228.92,480.46,1.5
228.73,480.60,1.5
228.55,480.74,1.5
228.36,480.87,1.5
228.17,481.00,1.5
227.98,481.11,1.5
227.79,481.21,1.5
227.60,481.31,1.5
227.41,481.41,1.5
227.21,481.52,1.5
227.02,481.63,1.5
226.83,481.75,1.5
226.64,481.87,1.5
226.45,481.99,1.5
226.27,482.11,1.5
226.08,482.22,1.5
225.90,482.33,1.5
225.71,482.43,1.5
225.53,482.54,1.5
225.34,482.65,1.5
225.15,482.78,1.5
224.97,482.90,1.5
224.79,483.02,1.5
224.60,483.13,1.5
224.42,483.22,1.5
224.24,483.32,1.5
224.05,483.41,1.5
223.87,483.50,1.5
223.69,483.58,1.5
223.51,483.68,1.5
223.34,483.78,1.5
223.16,483.88,1.5
222.98,483.99,1.5
222.79,484.11,1.5
222.61,484.22,1.5
222.42,484.34,1.5
222.23,484.47,1.5
222.05,484.60,1.5
221.87,484.74,1.5
221.68,484.87,1.5
221.50,485.00,1.5
221.31,485.12,1.5
221.12,485.25,1.5
220.93,485.40,1.5
220.75,485.57,1.5
220.63,485.77,1.5
220.54,485.99,1.5
220.47,486.21,1.5
220.36,486.42,1.5
220.21,486.59,1.5
220.04,486.74,1.5
219.86,486.88,1.5
219.67,487.01,1.5
219.48,487.15,1.5
219.29,487.29,1.5
219.10,487.42,1.5
218.91,487.55,1.5
218.71,487.68,1.5
218.52,487.81,1.5
218.32,487.93,1.5
218.13,488.07,1.5
217.94,488.20,1.5
217.75,488.34,1.5
217.55,488.47,1.5
217.36,488.60,1.5
217.17,488.73,1.5
216.97,488.86,1.5
216.78,489.00,1.5
216.59,489.14,1.5
216.40,489.28,1.5
216.20,489.41,1.5
216.01,489.54,1.5
215.82,489.69,1.5
215.63,489.83,1.5
215.44,489.99,1.5
215.25,490.15,1.5
215.06,490.32,1.5
214.89,490.50,1.5
214.70,490.66,1.5
214.51,490.83,1.5
214.33,490.99,1.5
214.14,491.15,1.5
213.95,491.29,1.5
213.75,491.42,1.5
213.56,491.56,1.5
213.36,491.71,1.5
213.17,491.87,1.5
212.98,492.04,1.5
212.79,492.20,1.5
212.60,492.37,1.5
212.41,492.51,1.5
212.22,492.65,1.5
212.03,492.79,1.5
211.84,492.93,1.5
211.65,493.07,1.5
211.47,493.23,1.5
211.29,493.38,1.5
211.12,493.52,1.5
210.94,493.65,1.5
210.76,493.76,1.5
210.58,493.87,1.5
210.40,493.97,1.5
210.21,494.08,1.5
210.03,494.19,1.5
209.84,494.30,1.5
209.66,494.42,1.5
209.47,494.53,1.5
209.29,494.63,1.5
209.11,494.73,1.5
208.92,494.84,1.5
208.73,494.94,1.5
208.54,495.05,1.5
208.35,495.17,1.5
208.16,495.30,1.5
207.97,495.43,1.5
207.78,495.55,1.5
207.59,495.67,1.5
207.40,495.79,1.5
207.21,495.90,1.5
207.02,496.02,1.5
206.82,496.13,1.5
206.63,496.25,1.5
206.44,496.36,1.5
206.24,496.48,1.5
206.04,496.60,1.5
205.85,496.72,1.5
205.65,496.85,1.5
205.46,496.97,1.5
205.26,497.10,1.5
205.07,497.23,1.5
204.87,497.36,1.5
204.68,497.50,1.5
204.50,497.65,1.5
204.33,497.80,1.5
204.17,497.96,1.5
204.01,498.09,1.5
203.84,498.23,1.5
203.70,498.37,1.5
203.61,498.35,1.5
203.49,498.24,1.5
203.34,498.25,1.5
203.20,498.36,1.5
203.08,498.50,1.5
202.96,498.66,1.5
202.84,498.80,1.5
202.71,498.94,1.5
202.57,499.07,1.5
202.42,499.20,1.5
202.27,499.33,1.5
202.11,499.45,1.5
201.94,499.58,1.5
201.76,499.70,1.5
201.58,499.81,1.5
201.40,499.93,1.5
201.23,500.04,1.5
201.06,500.16,1.5
200.89,500.27,1.5
200.73,500.40,1.5
200.56,500.52,1.5
200.38,500.64,1.5
200.21,500.76,1.5
200.03,500.87,1.5
199.86,500.98,1.5
199.69,501.10,1.5
199.51,501.22,1.5
199.34,501.34,1.5
199.17,501.46,1.5
198.99,501.57,1.5
198.81,501.68,1.5
198.61,501.79,1.5
198.41,501.89,1.5
198.21,502.01,1.5
