1.61
1.65
1.67
1.67
1.66
1.63
1.61
1.60
1.60
1.60
1.60
1.61
1.62
1.66
1.68
1.67
1.63
1.65
1.65
1.63
1.62
1.61
1.61
1.61
1.61
1.61
1.61
1.61
1.61
1.61
1.61
1.61
1.61
1.60
1.57
1.55
1.56
1.59
1.59
1.58
1.55
1.48
1.32
1.25
1.14
1.03
0.99
0.93
0.90
0.89
0.83
0.85
0.88
0.72
0.92
1.02
1.12
1.18
1.17
1.14
1.11
1.11
1.10
1.09
1.14
1.18
1.18
1.15
1.13
1.09
0.92
0.84
0.96
1.08
1.12
1.16
1.19
1.24
1.34
1.44
1.46
1.49
1.52
1.54
1.57
1.60
1.61
1.61
1.60
1.59
1.58
1.58
1.60
1.62
1.62
1.61
1.61
1.61
1.61
1.61
1.60
1.60
1.58
1.57
1.57
1.51
1.43
1.51
1.43
1.26
1.09
1.00
1.01
1.08
1.13
1.19
1.27
1.38
1.44
1.46
1.48
1.54
1.55
1.56
1.52
1.49
1.43
1.32
1.15
0.96
0.88
0.88
0.87
0.83
0.81
0.85
0.95
1.01
1.00
0.98
0.91
0.88
0.89
0.91
1.00
1.04
0.91
0.80
0.90
1.00
0.96
0.92
1.01
1.07
0.99
0.93
0.91
0.91
0.96
1.00
1.01
0.99
0.97
0.95
0.91
0.91
1.00
1.08
1.08
1.05
0.92
0.87
0.97
1.07
1.13
1.19
1.27
1.38
1.44
1.42
1.26
1.45
1.51
1.51
1.60
1.64
1.60
1.53
1.55
1.61
1.66
1.66
1.64
1.61
1.58
1.57
1.57
1.57
1.59
1.62
1.62
1.61
1.61
1.62
1.64
1.64
1.63
1.62
1.63
1.64
1.65
1.64
1.62
1.62
1.61
1.61
1.61
1.61
1.61
1.61
1.61
1.61
1.60
1.58
1.56
1.54
1.52
1.51
1.51
1.50
1.47
1.37
1.22
1.09
1.05
1.05
1.08
1.12
1.09
1.05
1.10
1.14
1.13
1.12
1.14
1.17
1.18
1.19
1.21
1.23
1.19
1.17
1.15
1.02
1.06
1.19
1.19
1.17
1.20
1.22
1.26
1.30
1.30
1.29
1.27
1.26
1.26
1.26
1.24
1.22
1.24
1.28
1.28
1.28
1.29
1.30
1.37
1.44
1.41
1.38
1.40
1.40
1.39
1.38
1.37
1.36
1.37
1.38
1.43
1.45
1.47
1.48
1.43
1.39
1.36
1.35
1.37
1.38
1.36
1.33
1.30
1.28
1.32
1.33
1.27
1.08
0.81
0.70
0.57
0.38
0.35
0.42
0.62
0.82
0.99
1.08
1.09
1.19
1.16
1.12
1.11
1.14
1.16
1.19
1.25
1.33
1.35
1.20
0.80
0.53
0.62
0.79
0.96
0.99
0.71
0.43
0.38
0.42
0.62
0.86
1.13
1.30
1.41
1.52
1.55
1.52
1.37
0.73
1.02
0.82
0.95
1.04
1.01
0.98
0.97
0.98
1.03
1.08
1.12
1.16
1.26
1.37
1.42
1.43
1.45
1.47
1.49
1.50
1.51
1.53
1.57
1.58
1.58
1.63
1.66
1.65
1.63
1.61
1.61
1.61
1.61
1.61
1.61
1.60
1.60
1.61
1.61
1.60
1.44
0.93
0.93
0.88
0.98
1.13
1.25
1.35
1.44
1.51
1.57
1.58
1.37
1.42
1.46
1.52
1.52
1.58
1.67
1.66
1.52
1.60
1.61
1.60
1.61
1.62
1.61
1.63
1.62
1.62
1.62
1.62
1.61
1.61
1.61
1.62
1.65
1.64
1.02
0.89
0.84
0.86
1.08
1.20
1.33
1.03
0.15
0.00
0.11
0.11
0.23
0.44
0.60
0.84
1.24
1.53
1.58
1.56
1.66
1.76
1.73
1.66
1.62
1.46
1.53
1.51
1.57
1.62
1.65
1.66
1.66
1.65
1.64
1.63
1.63
1.62
1.62
1.61
1.59
1.56
1.54
1.52
1.53
1.53
1.52
1.49
1.45
1.42
1.38
1.35
1.35
1.36
1.35
1.29
1.37
1.40
1.43
1.46
1.45
1.43
1.42
1.40
1.36
1.40
1.43
1.45
1.41
1.41
1.47
1.53
1.58
1.61
1.59
1.58
1.59
1.54
1.49
1.50
1.53
1.54
1.54
1.54
1.54
1.53
1.51
1.41
1.24
1.36
1.42
1.49
1.52
1.54
1.57
1.60
1.61
1.61
1.62
1.62
1.62
1.62
1.57
1.58
1.63
1.62
1.62
1.62
1.63
1.65
1.66
1.66
1.65
1.65
1.65
1.66
1.66
1.64
1.62
1.61
1.61
1.61
1.62
1.59
0.74
0.87
1.04
1.25
1.43
1.54
1.60
1.65
1.67
1.66
1.64
1.62
1.62
1.62
1.62
1.61
1.62
1.62
1.62
1.62
1.61
1.61
1.63
1.63
1.62
1.62
1.63
1.63
1.62
1.61
1.61
1.59
1.59
1.57
1.56
1.58
1.59
1.57
1.58
1.58
1.55
1.53
1.50
1.48
1.49
1.49
1.48
1.47
1.47
1.47
1.47
1.47
1.47
1.48
1.52
1.57
1.60
1.68
1.77
1.78
1.79
1.76
1.71
1.80
1.75
1.71
1.04
1.33
1.39
1.58
1.50
1.47
1.45
1.35
1.18
1.18
1.41
1.54
1.50
1.22
1.33
1.26
1.35
1.44
1.49
1.54
1.56
1.54
1.54
1.55
1.53
1.40
1.04
1.07
0.21
1.04
1.00
1.15
1.19
1.21
1.23
1.25
1.22
1.23
1.26
1.28
1.29
1.32
1.32
1.32
1.36
1.38
1.38
1.39
1.38
1.38
1.38
1.39
1.41
1.44
1.43
1.43
1.41
1.39
1.40
1.40
1.42
1.44
1.45
1.46
1.48
1.48
1.52
1.56
1.57
1.59
1.61
1.59
1.56
1.49
1.49
1.45
1.41
1.41
1.40
1.34
1.30
1.29
1.30
1.34
1.39
1.41
1.40
1.39
1.36
1.33
1.34
1.34
1.37
1.41
1.38
1.32
1.34
1.39
1.46
1.47
1.49
1.45
1.35
1.29
1.19
0.79
0.64
0.90
1.00
1.16
1.36
1.44
1.38
1.52
1.51
1.49
1.50
1.51
1.56
1.61
1.62
1.61
1.64
1.68
1.46
0.53
0.81
1.05
1.29
1.43
1.50
1.23
1.05
1.25
1.39
1.53
1.61
1.87
1.66
1.60
1.00
1.20
1.34
1.49
1.57
1.59
1.61
1.65
1.61
1.57
1.61
1.62
1.61
1.61
1.64
1.67
1.57
1.36
1.29
1.49
1.43
1.31
1.54
1.63
1.68
1.59
1.17
1.14
1.29
1.34
1.43
1.23
0.36
0.34
0.50
0.66
1.01
1.22
1.40
1.43
1.29
0.43
0.68
1.04
0.90
1.27
1.51
1.59
1.59
1.61
1.61
1.62
1.64
1.66
1.65
1.65
1.66
1.68
1.66
1.65
1.65
1.66
1.64
1.62
1.62
1.61
1.61
1.62
1.64
1.65
1.65
1.62
1.58
1.57
1.56
1.52
1.49
1.48
1.44
1.41
1.39
1.37
1.34
1.32
1.28
1.26
1.26
1.26
1.25
1.22
1.16
1.14
1.12
1.11
1.18
1.22
1.21
1.19
1.16
1.17
1.14
1.08
1.12
1.15
1.15
1.18
1.25
1.27
1.24
1.23
1.20
1.22
1.25
1.28
1.22
1.21
1.20
1.19
1.19
1.19
1.19
1.20
1.19
1.19
1.22
1.23
1.23
1.23
1.26
1.30
1.17
1.13
1.15
1.18
1.26
1.33
1.35
1.37
1.39
1.41
1.42
1.43
1.42
1.43
1.52
1.59
1.63
1.66
1.68
1.67
1.65
1.64
1.63
1.62
1.61
1.61
1.61
1.61
1.61
1.61
1.60
1.53
1.43
1.37
1.36
1.28
1.01
0.78
0.61
0.48
0.48
0.60
0.70
0.78
0.86
0.97
1.00
0.89
0.72
0.61
0.62
0.70
0.78
0.84
1.02
1.13
1.00
0.82
0.71
0.71
0.80
0.89
0.87
0.90
1.09
1.24
1.36
1.40
1.15
1.11
1.15
1.30
1.47
1.53
1.47
1.49
1.57
1.52
1.51
1.48
1.57
1.52
1.50
1.57
1.59
1.62
1.66
1.66
1.65
1.63
1.66
1.68
1.66
1.63
1.61
1.59
1.56
1.51
1.43
1.36
1.37
1.40
1.37
1.39
1.37
1.37
1.33
1.32
1.33
1.32
1.31
1.33
1.34
1.36
