0.85
0.92
0.92
0.91
0.88
0.88
0.83
0.82
0.82
0.85
0.92
1.01
1.02
0.91
0.89
0.92
0.98
1.04
1.09
1.14
1.12
1.09
1.08
1.09
1.13
1.16
1.14
1.05
1.11
1.12
1.13
1.13
1.13
1.15
1.19
1.17
1.12
1.12
1.07
1.05
1.04
1.05
1.05
1.06
1.08
1.09
1.09
1.10
1.08
1.08
1.08
1.10
1.11
1.10
1.07
1.06
1.05
1.04
1.05
1.04
1.06
1.07
1.06
1.04
1.04
1.04
1.00
0.95
0.91
0.88
0.86
0.85
0.87
0.89
0.88
0.87
0.87
0.87
0.91
0.95
0.96
0.97
0.97
0.95
0.92
0.89
0.89
0.90
0.90
0.89
0.88
0.87
0.88
0.89
0.90
0.90
0.87
0.86
0.89
0.92
0.95
0.98
0.96
0.93
0.91
0.90
0.91
0.92
0.91
0.90
0.90
0.89
0.89
0.87
0.85
0.85
0.82
0.81
0.80
0.83
0.81
0.80
0.74
0.73
0.69
0.64
0.65
0.68
0.67
0.67
0.71
0.77
0.78
0.76
0.77
0.81
0.88
0.94
0.92
0.90
0.92
0.96
0.93
0.88
0.88
0.91
0.88
0.86
0.85
0.86
0.85
0.83
0.86
0.89
0.91
0.92
0.88
0.87
0.90
0.94
0.96
0.98
0.97
0.97
0.97
0.97
0.98
0.98
0.96
0.95
0.95
0.95
0.94
0.94
0.91
0.89
0.90
0.93
0.92
0.92
0.91
0.90
0.94
0.98
0.95
0.86
0.88
0.88
0.86
0.87
0.93
0.98
0.99
1.00
1.03
1.04
1.00
0.92
0.94
0.96
0.96
0.96
0.96
0.98
1.03
1.05
0.94
0.78
0.67
0.63
0.50
0.60
0.59
0.60
0.69
0.78
0.85
0.90
0.90
0.90
0.89
0.88
0.90
0.94
0.93
0.87
0.85
0.94
0.88
0.85
0.85
0.88
0.91
0.91
0.96
1.00
1.02
1.03
1.05
1.03
0.99
1.14
0.91
0.90
0.92
0.94
0.98
1.02
1.02
1.00
0.97
0.95
0.95
0.98
0.98
0.97
0.93
0.91
0.92
0.92
0.91
0.88
0.89
0.90
0.89
0.89
0.89
0.90
0.92
0.92
0.92
0.91
0.89
0.86
0.85
0.86
0.88
0.91
0.89
0.87
0.87
0.86
0.87
0.89
0.92
0.93
0.91
0.90
0.91
0.93
1.03
1.03
0.99
0.93
0.88
0.85
0.84
0.87
0.86
0.85
0.85
0.86
0.87
0.87
0.84
0.80
0.82
0.84
0.82
0.80
0.84
0.87
0.90
0.92
0.90
0.87
0.89
0.90
0.87
0.84
0.86
0.86
0.82
0.80
0.79
0.78
0.77
0.76
0.76
0.73
0.68
0.64
0.66
0.67
0.66
0.65
0.65
0.66
0.65
0.65
0.68
0.69
0.71
0.76
0.75
0.73
0.71
0.69
0.60
0.55
0.63
0.69
0.74
0.79
0.76
0.74
0.74
0.74
0.77
0.78
0.83
0.84
0.74
0.66
0.69
0.72
0.70
0.68
0.70
0.72
0.68
0.66
0.72
0.74
0.70
0.68
0.72
0.71
0.65
0.63
0.65
0.68
0.70
0.71
0.72
0.72
0.72
0.73
0.72
0.71
0.74
0.78
0.74
0.72
0.69
0.71
0.83
0.90
0.90
0.89
0.90
0.90
0.88
0.86
0.82
0.79
0.82
0.84
0.81
0.79
0.82
0.86
0.86
0.86
0.84
0.84
0.84
0.84
0.86
0.88
0.88
0.88
0.84
0.81
0.83
0.86
0.89
0.91
0.91
0.93
0.96
0.97
0.95
0.93
0.93
0.94
0.93
0.93
0.91
0.90
0.89
0.89
0.91
0.92
0.92
0.92
0.91
0.89
0.87
0.85
0.85
0.84
0.88
0.90
0.89
0.89
0.88
0.88
0.85
0.83
0.84
0.85
0.85
0.85
0.86
0.87
0.86
0.85
0.85
0.85
0.86
0.87
0.94
0.99
1.02
1.03
1.01
0.99
0.99
0.98
0.98
0.97
1.00
1.01
0.98
0.97
0.98
0.99
1.00
1.01
1.02
1.03
1.03
1.04
1.05
1.06
1.07
1.07
1.08
1.08
1.09
1.09
1.08
1.08
1.08
1.08
1.09
1.09
1.08
1.08
1.08
1.08
1.08
1.07
1.07
1.07
1.07
1.07
1.07
1.07
1.07
1.07
1.07
1.07
1.07
1.07
1.07
1.07
1.07
1.07
1.06
1.06
1.05
1.04
1.03
1.02
1.01
1.01
1.00
1.00
0.99
0.99
1.00
1.01
1.01
1.01
1.00
1.00
1.00
0.99
1.00
1.00
1.01
1.02
1.01
1.00
0.99
0.98
0.98
0.98
0.97
0.97
0.96
0.96
0.98
0.99
0.99
0.98
0.96
0.94
0.95
0.96
0.96
0.95
0.92
0.90
0.87
0.86
0.87
0.86
0.84
0.82
0.82
0.83
0.83
0.82
0.83
0.87
0.89
0.88
0.83
0.79
0.79
0.78
0.74
0.72
0.71
0.70
0.71
0.73
0.81
0.89
0.96
0.98
0.92
0.89
0.85
0.80
0.79
0.80
0.85
0.90
0.90
0.90
0.87
0.87
0.96
0.95
0.89
0.85
0.85
0.85
0.81
0.76
0.68
0.64
0.61
0.64
0.72
0.78
0.87
0.93
0.89
0.86
0.83
0.80
0.87
0.93
0.91
0.89
0.89
0.91
0.92
0.94
0.94
0.94
0.98
1.01
1.04
1.05
1.03
1.00
0.97
0.95
0.94
0.93
0.95
0.97
0.97
0.96
0.99
0.99
0.96
0.95
0.98
1.00
0.99
0.97
0.94
0.92
0.94
0.96
0.97
0.98
0.99
1.00
1.04
1.07
1.07
1.06
1.06
1.06
1.07
1.08
1.08
1.07
1.08
1.09
1.09
1.09
1.08
1.08
1.09
1.10
1.09
1.10
1.10
1.09
1.08
1.08
1.08
1.08
1.08
1.08
1.08
1.07
1.06
1.03
1.02
1.02
1.03
1.01
1.00
1.00
1.00
1.01
1.01
1.01
1.02
1.02
1.04
1.05
1.07
1.09
1.09
1.11
1.14
1.17
1.18
1.15
1.11
1.09
1.08
1.08
1.09
1.08
1.05
1.02
1.00
1.00
1.01
1.03
1.04
1.06
1.06
1.07
1.07
1.04
1.03
1.02
1.01
1.00
0.99
0.98
0.98
0.98
0.98
0.98
0.97
0.97
0.97
0.96
0.99
1.00
1.00
1.00
0.99
1.00
1.03
1.07
1.09
1.10
1.10
1.09
1.07
1.04
1.01
1.00
0.99
0.98
0.99
0.99
0.99
1.00
1.00
1.00
1.02
1.04
1.03
1.00
1.04
1.05
1.01
1.01
1.02
1.01
1.00
1.03
1.06
1.07
1.03
1.01
0.98
0.98
0.99
0.98
0.96
0.95
0.98
0.99
0.96
0.91
0.90
0.91
0.92
0.88
0.87
0.90
0.81
0.71
0.55
0.51
0.54
0.74
0.90
0.99
1.05
1.09
1.09
1.09
1.08
1.08
1.07
1.07
1.07
1.07
1.07
1.07
1.07
1.07
1.08
1.08
1.08
1.08
1.08
1.08
1.08
1.08
1.08
1.08
1.07
1.07
1.07
1.07
1.07
1.07
1.07
1.07
1.07
1.07
1.07
1.07
1.07
1.07
1.07
1.07
1.07
1.07
1.07
1.07
1.07
1.07
1.07
1.07
1.07
1.07
1.07
1.07
1.07
1.07
1.07
1.07
1.07
1.07
1.07
1.07
1.07
1.07
1.07
1.07
1.07
1.07
1.07
1.07
1.07
1.07
1.07
1.07
1.07
1.07
1.07
1.07
1.07
1.07
1.07
1.07
1.07
1.07
1.07
1.07
1.07
1.07
1.07
1.07
1.07
1.07
1.07
1.07
1.07
1.07
1.07
1.07
1.07
1.07
1.07
1.07
1.07
1.07
1.07
1.07
1.07
1.07
1.07
1.07
1.07
1.07
1.07
1.07
1.07
1.07
1.07
1.07
1.07
1.07
1.07
1.07
1.07
1.07
1.07
1.07
1.07
1.07
1.07
1.07
1.07
1.07
1.07
1.07
1.07
1.07
1.07
1.07
1.07
1.07
1.07
1.07
1.07
1.07
1.07
1.07
1.07
1.07
1.07
1.07
1.07
1.07
1.07
1.07
1.07
1.07
1.07
1.07
1.07
1.07
1.07
1.07
1.07
1.07
1.07
1.07
1.07
1.07
1.07
1.07
1.07
1.07
1.07
1.07
1.07
1.07
