179.29,512.55,1.5
179.44,512.49,1.5
179.63,512.47,1.5
179.81,512.43,1.5
179.99,512.42,1.5
180.18,512.44,1.5
180.30,512.42,1.5
180.33,512.36,1.5
180.34,512.32,1.5
180.37,512.27,1.5
180.43,512.21,1.5
180.52,512.13,1.5
180.65,512.04,1.5
180.81,511.95,1.5
180.98,511.86,1.5
181.14,511.76,1.5
181.31,511.64,1.5
181.47,511.51,1.5
181.63,511.37,1.5
181.78,511.26,1.5
181.97,511.18,1.5
182.16,511.06,1.5
182.32,510.94,1.5
182.50,510.85,1.5
182.70,510.77,1.5
182.89,510.67,1.5
183.07,510.57,1.5
183.25,510.44,1.5
183.42,510.31,1.5
183.55,510.16,1.5
183.63,509.98,1.5
183.75,509.80,1.5
183.89,509.66,1.5
184.05,509.54,1.5
184.21,509.43,1.5
184.38,509.33,1.5
184.55,509.23,1.5
184.73,509.13,1.5
184.90,509.04,1.5
185.07,508.94,1.5
185.24,508.84,1.5
185.41,508.75,1.5
185.59,508.65,1.5
185.76,508.55,1.5
185.93,508.45,1.5
186.10,508.35,1.5
186.26,508.25,1.5
186.43,508.15,1.5
186.59,508.06,1.5
186.75,507.96,1.5
186.92,507.86,1.5
187.08,507.76,1.5
187.24,507.66,1.5
187.39,507.56,1.5
187.55,507.46,1.5
187.71,507.36,1.5
187.86,507.25,1.5
188.02,507.15,1.5
188.18,507.05,1.5
188.33,506.94,1.5
188.49,506.83,1.5
188.64,506.71,1.5
188.78,506.59,1.5
188.93,506.49,1.5
189.08,506.38,1.5
189.23,506.28,1.5
189.37,506.17,1.5
189.52,506.07,1.5
189.67,505.96,1.5
189.81,505.86,1.5
189.96,505.75,1.5
190.10,505.66,1.5
190.26,505.56,1.5
190.41,505.46,1.5
190.55,505.36,1.5
190.70,505.26,1.5
190.84,505.16,1.5
190.98,505.05,1.5
191.12,504.94,1.5
191.26,504.82,1.5
191.39,504.71,1.5
191.52,504.60,1.5
191.65,504.48,1.5
191.78,504.34,1.5
191.92,504.22,1.5
192.06,504.08,1.5
192.20,503.96,1.5
192.33,503.84,1.5
192.47,503.72,1.5
192.61,503.60,1.5
192.75,503.48,1.5
192.89,503.36,1.5
193.03,503.25,1.5
193.18,503.14,1.5
193.32,503.03,1.5
193.46,502.92,1.5
193.60,502.82,1.5
193.74,502.72,1.5
193.88,502.61,1.5
194.01,502.49,1.5
194.13,502.38,1.5
194.25,502.23,1.5
194.35,502.06,1.5
194.42,501.87,1.5
194.50,501.70,1.5
194.60,501.54,1.5
194.73,501.40,1.5
194.88,501.28,1.5
195.05,501.18,1.5
195.22,501.10,1.5
195.38,501.03,1.5
195.55,500.96,1.5
195.71,500.90,1.5
195.87,500.84,1.5
196.04,500.77,1.5
196.21,500.70,1.5
196.38,500.63,1.5
196.56,500.55,1.5
196.73,500.47,1.5
196.90,500.40,1.5
197.06,500.32,1.5
197.22,500.24,1.5
197.36,500.14,1.5
197.50,500.05,1.5
197.64,499.95,1.5
197.78,499.87,1.5
197.92,499.78,1.5
198.05,499.68,1.5
198.20,499.59,1.5
198.35,499.49,1.5
198.51,499.39,1.5
198.68,499.30,1.5
198.84,499.21,1.5
199.01,499.11,1.5
199.17,499.02,1.5
199.33,498.92,1.5
199.49,498.81,1.5
199.66,498.69,1.5
199.81,498.56,1.5
199.95,498.43,1.5
200.10,498.30,1.5
200.25,498.18,1.5
200.41,498.07,1.5
200.57,497.96,1.5
200.71,497.84,1.5
200.82,497.70,1.5
200.92,497.55,1.5
201.04,497.42,1.5
201.17,497.30,1.5
201.31,497.20,1.5
201.45,497.11,1.5
201.60,497.01,1.5
201.74,496.91,1.5
201.88,496.82,1.5
202.01,496.73,1.5
202.15,496.64,1.5
202.29,496.56,1.5
202.43,496.47,1.5
202.58,496.38,1.5
202.74,496.28,1.5
202.89,496.18,1.5
203.04,496.08,1.5
203.19,495.99,1.5
203.35,495.89,1.5
203.51,495.80,1.5
203.66,495.70,1.5
203.82,495.60,1.5
203.97,495.50,1.5
204.12,495.41,1.5
204.28,495.31,1.5
204.44,495.22,1.5
204.60,495.13,1.5
204.76,495.04,1.5
204.92,494.93,1.5
205.08,494.82,1.5
205.23,494.71,1.5
205.37,494.59,1.5
205.51,494.47,1.5
205.63,494.34,1.5
205.75,494.21,1.5
205.86,494.08,1.5
205.97,493.96,1.5
206.08,493.84,1.5
206.20,493.72,1.5
206.33,493.61,1.5
206.47,493.51,1.5
206.60,493.41,1.5
206.74,493.29,1.5
206.87,493.18,1.5
207.00,493.08,1.5
207.12,492.98,1.5
207.25,492.89,1.5
207.37,492.80,1.5
207.49,492.70,1.5
207.61,492.60,1.5
207.75,492.50,1.5
207.88,492.40,1.5
208.03,492.31,1.5
208.17,492.22,1.5
208.32,492.14,1.5
208.46,492.06,1.5
208.60,491.99,1.5
208.74,491.93,1.5
208.88,491.87,1.5
209.03,491.81,1.5
209.18,491.74,1.5
209.33,491.67,1.5
209.47,491.61,1.5
209.60,491.53,1.5
209.72,491.45,1.5
209.83,491.35,1.5
209.94,491.25,1.5
210.07,491.14,1.5
210.21,491.03,1.5
210.35,490.93,1.5
210.49,490.84,1.5
210.64,490.74,1.5
210.79,490.64,1.5
210.94,490.54,1.5
211.09,490.44,1.5
211.24,490.34,1.5
211.39,490.24,1.5
211.55,490.15,1.5
211.69,490.06,1.5
211.85,489.98,1.5
212.00,489.90,1.5
212.16,489.82,1.5
212.31,489.72,1.5
212.47,489.62,1.5
212.62,489.52,1.5
212.76,489.41,1.5
212.90,489.30,1.5
213.04,489.19,1.5
213.17,489.08,1.5
213.30,488.98,1.5
213.44,488.87,1.5
213.57,488.77,1.5
213.71,488.67,1.5
213.85,488.56,1.5
214.00,488.46,1.5
214.15,488.35,1.5
214.30,488.25,1.5
214.45,488.15,1.5
214.60,488.05,1.5
214.75,487.95,1.5
214.90,487.86,1.5
215.05,487.77,1.5
215.20,487.68,1.5
215.34,487.57,1.5
215.48,487.46,1.5
215.62,487.35,1.5
215.76,487.24,1.5
215.90,487.13,1.5
216.04,487.02,1.5
216.19,486.93,1.5
216.33,486.83,1.5
216.47,486.73,1.5
216.61,486.62,1.5
216.74,486.52,1.5
216.88,486.40,1.5
217.00,486.28,1.5
217.08,486.13,1.5
217.08,485.97,1.5
217.11,485.80,1.5
217.20,485.66,1.5
217.33,485.56,1.5
217.47,485.47,1.5
217.63,485.39,1.5
217.80,485.31,1.5
217.97,485.23,1.5
218.12,485.14,1.5
218.26,485.06,1.5
218.39,484.97,1.5
218.51,484.87,1.5
218.63,484.77,1.5
218.75,484.67,1.5
218.87,484.57,1.5
219.00,484.48,1.5
219.12,484.40,1.5
219.25,484.33,1.5
219.40,484.27,1.5
219.55,484.21,1.5
219.71,484.13,1.5
219.87,484.04,1.5
220.02,483.96,1.5
220.18,483.88,1.5
220.34,483.82,1.5
220.49,483.74,1.5
220.64,483.66,1.5
220.78,483.59,1.5
220.91,483.54,1.5
221.05,483.48,1.5
221.19,483.42,1.5
221.34,483.34,1.5
221.49,483.24,1.5
221.63,483.14,1.5
221.77,483.04,1.5
221.90,482.94,1.5
222.01,482.85,1.5
222.10,482.76,1.5
222.18,482.68,1.5
222.26,482.59,1.5
222.36,482.51,1.5
222.49,482.43,1.5
222.62,482.35,1.5
222.76,482.28,1.5
222.91,482.20,1.5
223.06,482.12,1.5
223.23,482.02,1.5
223.38,481.92,1.5
223.53,481.83,1.5
223.66,481.73,1.5
223.80,481.64,1.5
223.93,481.55,1.5
224.06,481.46,1.5
224.19,481.38,1.5
224.32,481.29,1.5
224.45,481.19,1.5
224.59,481.11,1.5
224.73,481.03,1.5
224.88,480.96,1.5
225.03,480.89,1.5
225.18,480.81,1.5
225.32,480.72,1.5
225.47,480.63,1.5
225.63,480.55,1.5
225.79,480.47,1.5
225.95,480.38,1.5
226.11,480.29,1.5
226.26,480.18,1.5
226.43,480.07,1.5
226.59,479.97,1.5
226.75,479.86,1.5
226.90,479.75,1.5
227.05,479.64,1.5
227.19,479.53,1.5
227.33,479.42,1.5
227.46,479.32,1.5
227.60,479.22,1.5
227.75,479.12,1.5
227.89,479.03,1.5
228.03,478.93,1.5
228.18,478.82,1.5
228.32,478.71,1.5
228.47,478.61,1.5
228.62,478.51,1.5
228.77,478.42,1.5
228.92,478.32,1.5
229.06,478.23,1.5
229.21,478.14,1.5
229.35,478.05,1.5
229.49,477.96,1.5
229.64,477.88,1.5
229.80,477.79,1.5
229.96,477.70,1.5
230.13,477.60,1.5
230.31,477.51,1.5
230.48,477.42,1.5
230.65,477.33,1.5
230.83,477.24,1.5
231.00,477.14,1.5
231.17,477.04,1.5
231.34,476.94,1.5
231.51,476.84,1.5
231.68,476.74,1.5
231.85,476.64,1.5
232.02,476.54,1.5
232.18,476.44,1.5
232.35,476.34,1.5
232.52,476.24,1.5
232.69,476.13,1.5
232.85,476.03,1.5
233.02,475.92,1.5
233.18,475.82,1.5
233.34,475.73,1.5
233.49,475.63,1.5
233.64,475.52,1.5
233.78,475.39,1.5
233.92,475.27,1.5
234.06,475.14,1.5
234.20,475.00,1.5
234.33,474.86,1.5
234.47,474.72,1.5
234.62,474.57,1.5
234.77,474.43,1.5
234.92,474.29,1.5
235.08,474.16,1.5
235.25,474.02,1.5
235.41,473.89,1.5
235.58,473.77,1.5
235.75,473.65,1.5
235.91,473.54,1.5
236.08,473.44,1.5
236.25,473.35,1.5
236.42,473.25,1.5
236.59,473.15,1.5
236.76,473.06,1.5
236.93,472.96,1.5
237.10,472.87,1.5
237.27,472.77,1.5
237.44,472.67,1.5
237.61,472.58,1.5
237.78,472.48,1.5
237.95,472.37,1.5
238.12,472.26,1.5
238.29,472.13,1.5
238.45,472.01,1.5
238.62,471.89,1.5
238.79,471.79,1.5
238.95,471.67,1.5
239.12,471.56,1.5
239.29,471.44,1.5
239.45,471.32,1.5
239.61,471.18,1.5
239.75,471.04,1.5
239.88,470.90,1.5
240.00,470.79,1.5
240.16,470.74,1.5
240.32,470.66,1.5
240.47,470.56,1.5
240.59,470.44,1.5
240.69,470.35,1.5
240.82,470.29,1.5
240.95,470.22,1.5
241.07,470.14,1.5
241.20,470.06,1.5
241.31,469.96,1.5
241.43,469.87,1.5
241.55,469.78,1.5
241.67,469.70,1.5
241.80,469.62,1.5
241.92,469.54,1.5
242.05,469.46,1.5
242.20,469.37,1.5
242.35,469.27,1.5
242.50,469.18,1.5
242.66,469.09,1.5
242.80,468.99,1.5
242.95,468.88,1.5
243.10,468.78,1.5
243.24,468.67,1.5
243.38,468.57,1.5
243.52,468.47,1.5
243.66,468.37,1.5
243.80,468.27,1.5
243.93,468.18,1.5
244.06,468.08,1.5
244.19,467.98,1.5
244.32,467.89,1.5
244.44,467.79,1.5
244.56,467.69,1.5
244.69,467.59,1.5
244.82,467.50,1.5
244.95,467.42,1.5
245.08,467.33,1.5
245.21,467.24,1.5
245.33,467.13,1.5
245.46,467.02,1.5
245.58,466.89,1.5
245.69,466.76,1.5
245.79,466.64,1.5
245.74,466.54,1.5
245.70,466.38,1.5
245.77,466.24,1.5
245.88,466.13,1.5
246.03,466.04,1.5
246.19,465.97,1.5
246.37,465.90,1.5
246.54,465.82,1.5
246.69,465.74,1.5
246.85,465.65,1.5
247.01,465.56,1.5
247.17,465.48,1.5
247.32,465.41,1.5
247.47,465.33,1.5
247.60,465.25,1.5
247.73,465.18,1.5
247.86,465.11,1.5
247.99,465.02,1.5
248.11,464.93,1.5
248.23,464.84,1.5
248.35,464.73,1.5
248.48,464.62,1.5
248.61,464.51,1.5
248.74,464.41,1.5
248.88,464.30,1.5
249.02,464.20,1.5
249.15,464.12,1.5
249.29,464.04,1.5
249.44,463.96,1.5
249.59,463.87,1.5
249.74,463.79,1.5
249.89,463.71,1.5
250.04,463.65,1.5
250.20,463.57,1.5
250.36,463.49,1.5
250.53,463.41,1.5
250.69,463.33,1.5
250.85,463.25,1.5
251.01,463.17,1.5
251.16,463.07,1.5
251.30,462.96,1.5
251.45,462.85,1.5
251.59,462.74,1.5
251.74,462.63,1.5
251.89,462.51,1.5
252.04,462.38,1.5
252.18,462.25,1.5
252.32,462.11,1.5
252.46,461.98,1.5
252.60,461.86,1.5
252.72,461.74,1.5
252.85,461.61,1.5
252.97,461.50,1.5
253.10,461.38,1.5
253.24,461.28,1.5
253.38,461.19,1.5
253.52,461.10,1.5
253.65,461.02,1.5
253.80,460.95,1.5
253.94,460.87,1.5
254.08,460.81,1.5
254.22,460.74,1.5
254.36,460.68,1.5
254.49,460.62,1.5
254.61,460.56,1.5
254.74,460.49,1.5
254.88,460.43,1.5
255.03,460.36,1.5
255.18,460.28,1.5
255.32,460.21,1.5
255.46,460.14,1.5
255.61,460.08,1.5
255.76,460.03,1.5
255.91,459.98,1.5
256.06,459.92,1.5
256.21,459.87,1.5
256.35,459.82,1.5
256.49,459.77,1.5
256.64,459.70,1.5
256.80,459.63,1.5
256.97,459.56,1.5
257.11,459.49,1.5
257.25,459.40,1.5
257.38,459.34,1.5
257.53,459.29,1.5
257.66,459.22,1.5
257.79,459.15,1.5
257.90,459.07,1.5
257.99,459.00,1.5
258.09,458.93,1.5
258.19,458.88,1.5
258.29,458.85,1.5
258.39,458.85,1.5
258.50,458.83,1.5
258.61,458.80,1.5
258.75,458.76,1.5
258.90,458.72,1.5
259.04,458.68,1.5
259.18,458.62,1.5
259.34,458.57,1.5
259.52,458.54,1.5
259.72,458.48,1.5
259.92,458.40,1.5
260.11,458.34,1.5
260.30,458.29,1.5
260.50,458.24,1.5
260.70,458.20,1.5
260.90,458.15,1.5
261.09,458.10,1.5
261.29,458.07,1.5
261.48,458.05,1.5
261.67,458.03,1.5
261.87,458.00,1.5
262.07,457.98,1.5
262.26,457.96,1.5
262.46,457.95,1.5
262.66,457.94,1.5
262.86,457.93,1.5
263.06,457.93,1.5
263.26,457.92,1.5
263.47,457.90,1.5
263.67,457.90,1.5
263.87,457.89,1.5
264.07,457.88,1.5
264.27,457.88,1.5
264.47,457.86,1.5
264.67,457.84,1.5
264.87,457.81,1.5
265.06,457.78,1.5
265.25,457.76,1.5
265.43,457.73,1.5
265.62,457.71,1.5
265.81,457.68,1.5
266.00,457.66,1.5
266.18,457.63,1.5
266.37,457.61,1.5
266.56,457.59,1.5
266.75,457.56,1.5
266.95,457.54,1.5
267.14,457.52,1.5
267.34,457.49,1.5
267.54,457.47,1.5
267.74,457.43,1.5
267.95,457.40,1.5
268.15,457.36,1.5
268.35,457.32,1.5
268.54,457.29,1.5
268.72,457.24,1.5
268.89,457.20,1.5
269.06,457.15,1.5
269.22,457.12,1.5
269.37,457.09,1.5
269.54,457.07,1.5
269.70,457.06,1.5
269.86,457.06,1.5
270.04,457.06,1.5
270.23,457.06,1.5
270.42,457.06,1.5
270.60,457.07,1.5
270.79,457.07,1.5
270.98,457.08,1.5
271.16,457.09,1.5
271.35,457.10,1.5
271.54,457.11,1.5
271.73,457.12,1.5
271.92,457.13,1.5
272.10,457.15,1.5
272.29,457.16,1.5
272.48,457.17,1.5
272.66,457.19,1.5
272.84,457.20,1.5
273.03,457.20,1.5
273.21,457.21,1.5
273.40,457.23,1.5
273.59,457.25,1.5
273.78,457.26,1.5
273.97,457.28,1.5
274.16,457.30,1.5
274.35,457.32,1.5
274.54,457.34,1.5
274.73,457.36,1.5
274.92,457.38,1.5
275.12,457.40,1.5
275.31,457.42,1.5
275.51,457.44,1.5
275.70,457.46,1.5
275.90,457.48,1.5
276.09,457.50,1.5
276.28,457.51,1.5
276.48,457.53,1.5
276.67,457.55,1.5
276.86,457.57,1.5
277.10,457.59,1.5
277.29,457.61,1.5
277.49,457.63,1.5
277.68,457.64,1.5
277.88,457.66,1.5
278.08,457.67,1.5
278.27,457.69,1.5
278.47,457.71,1.5
278.66,457.72,1.5
278.86,457.74,1.5
279.05,457.76,1.5
279.24,457.78,1.5
279.44,457.80,1.5
279.63,457.82,1.5
279.82,457.83,1.5
280.02,457.85,1.5
280.21,457.87,1.5
280.41,457.89,1.5
280.61,457.90,1.5
280.80,457.91,1.5
281.00,457.93,1.5
281.20,457.94,1.5
281.39,457.96,1.5
281.58,457.98,1.5
281.78,458.00,1.5
281.97,458.02,1.5
282.17,458.03,1.5
282.37,458.04,1.5
282.57,458.05,1.5
282.76,458.06,1.5
282.96,458.08,1.5
283.15,458.10,1.5
283.35,458.12,1.5
283.54,458.14,1.5
283.74,458.16,1.5
283.93,458.18,1.5
284.12,458.19,1.5
284.32,458.21,1.5
284.51,458.23,1.5
284.71,458.25,1.5
284.90,458.27,1.5
285.09,458.29,1.5
285.29,458.31,1.5
285.48,458.33,1.5
285.67,458.34,1.5
285.87,458.36,1.5
286.06,458.38,1.5
286.26,458.40,1.5
286.45,458.41,1.5
286.65,458.42,1.5
286.86,458.43,1.5
287.06,458.43,1.5
287.26,458.44,1.5
287.46,458.45,1.5
287.67,458.46,1.5
287.87,458.46,1.5
288.07,458.46,1.5
288.27,458.48,1.5
288.47,458.49,1.5
288.67,458.49,1.5
288.88,458.50,1.5
289.08,458.51,1.5
289.27,458.53,1.5
289.47,458.55,1.5
289.66,458.58,1.5
289.85,458.60,1.5
290.05,458.62,1.5
290.24,458.65,1.5
290.44,458.67,1.5
290.63,458.69,1.5
290.82,458.71,1.5
291.02,458.74,1.5
291.21,458.76,1.5
291.40,458.77,1.5
291.60,458.79,1.5
291.79,458.80,1.5
291.99,458.81,1.5
292.18,458.82,1.5
292.37,458.83,1.5
292.57,458.84,1.5
292.78,458.84,1.5
292.98,458.84,1.5
293.18,458.84,1.5
293.38,458.85,1.5
293.57,458.87,1.5
293.77,458.89,1.5
293.96,458.91,1.5
294.16,458.91,1.5
294.35,458.90,1.5
294.55,458.89,1.5
294.74,458.90,1.5
294.93,458.90,1.5
295.13,458.90,1.5
295.32,458.90,1.5
295.52,458.90,1.5
295.71,458.90,1.5
295.90,458.90,1.5
296.10,458.90,1.5
296.29,458.90,1.5
296.48,458.90,1.5
296.68,458.90,1.5
296.87,458.90,1.5
297.07,458.90,1.5
297.27,458.90,1.5
297.47,458.90,1.5
297.68,458.89,1.5
297.91,458.88,1.5
298.13,458.86,1.5
298.36,458.81,1.5
298.59,458.77,1.5
298.81,458.73,1.5
299.04,458.69,1.5
299.26,458.65,1.5
299.47,458.60,1.5
299.70,458.55,1.5
299.92,458.52,1.5
300.13,458.45,1.5
300.34,458.37,1.5
300.56,458.30,1.5
300.78,458.22,1.5
300.98,458.13,1.5
301.17,458.09,1.5
301.36,458.11,1.5
301.54,458.10,1.5
301.72,458.09,1.5
301.88,458.03,1.5
302.00,457.90,1.5
302.10,457.74,1.5
302.20,457.56,1.5
302.31,457.38,1.5
302.39,457.20,1.5
302.47,457.01,1.5
302.57,456.83,1.5
302.67,456.66,1.5
302.77,456.49,1.5
302.88,456.33,1.5
302.98,456.17,1.5
303.07,456.01,1.5
303.17,455.86,1.5
303.26,455.71,1.5
303.35,455.58,1.5
303.44,455.44,1.5
303.53,455.31,1.5
303.62,455.18,1.5
303.72,455.05,1.5
303.80,454.92,1.5
303.88,454.80,1.5
303.94,454.68,1.5
304.02,454.57,1.5
304.10,454.47,1.5
304.19,454.38,1.5
304.30,454.30,1.5
304.43,454.22,1.5
304.55,454.13,1.5
304.68,454.05,1.5
304.80,453.95,1.5
304.92,453.86,1.5
305.05,453.76,1.5
305.18,453.68,1.5
305.31,453.59,1.5
305.44,453.51,1.5
305.57,453.41,1.5
305.70,453.31,1.5
305.84,453.22,1.5
305.97,453.13,1.5
306.10,453.05,1.5
306.23,452.97,1.5
306.37,452.89,1.5
306.51,452.80,1.5
306.65,452.71,1.5
306.78,452.63,1.5
306.92,452.54,1.5
307.06,452.45,1.5
307.20,452.35,1.5
307.35,452.26,1.5
307.49,452.17,1.5
307.63,452.09,1.5
307.77,452.01,1.5
307.92,451.91,1.5
308.06,451.82,1.5
308.21,451.73,1.5
308.36,451.64,1.5
308.51,451.55,1.5
308.66,451.46,1.5
308.82,451.38,1.5
308.98,451.30,1.5
309.14,451.21,1.5
309.29,451.11,1.5
309.45,451.01,1.5
309.61,450.93,1.5
309.77,450.85,1.5
309.94,450.77,1.5
310.11,450.70,1.5
310.27,450.62,1.5
310.43,450.55,1.5
310.58,450.47,1.5
310.74,450.40,1.5
310.89,450.34,1.5
311.03,450.29,1.5
311.19,450.22,1.5
311.34,450.15,1.5
311.49,450.07,1.5
311.63,449.98,1.5
311.77,449.90,1.5
311.92,449.81,1.5
312.05,449.72,1.5
312.19,449.64,1.5
312.33,449.55,1.5
312.47,449.47,1.5
312.62,449.40,1.5
312.76,449.32,1.5
312.91,449.24,1.5
313.06,449.14,1.5
313.22,449.05,1.5
313.38,448.97,1.5
313.54,448.86,1.5
313.70,448.76,1.5
313.85,448.65,1.5
314.00,448.55,1.5
314.16,448.45,1.5
314.32,448.35,1.5
314.49,448.26,1.5
314.65,448.17,1.5
314.81,448.08,1.5
314.97,447.99,1.5
315.13,447.92,1.5
315.29,447.84,1.5
315.46,447.77,1.5
315.63,447.70,1.5
315.78,447.64,1.5
315.93,447.58,1.5
316.08,447.52,1.5
316.22,447.47,1.5
316.36,447.42,1.5
316.49,447.37,1.5
316.62,447.31,1.5
316.75,447.25,1.5
316.88,447.18,1.5
317.02,447.10,1.5
317.15,447.02,1.5
317.28,446.92,1.5
317.40,446.81,1.5
317.51,446.71,1.5
317.60,446.61,1.5
317.70,446.53,1.5
317.81,446.46,1.5
317.92,446.41,1.5
318.04,446.37,1.5
318.15,446.34,1.5
318.27,446.29,1.5
318.40,446.23,1.5
318.55,446.18,1.5
318.71,446.14,1.5
318.86,446.07,1.5
318.99,446.00,1.5
319.13,445.93,1.5
319.28,445.88,1.5
319.43,445.84,1.5
319.58,445.79,1.5
319.73,445.72,1.5
319.87,445.63,1.5
320.02,445.55,1.5
320.16,445.47,1.5
320.30,445.38,1.5
320.44,445.30,1.5
320.57,445.21,1.5
320.70,445.12,1.5
320.83,445.03,1.5
320.96,444.96,1.5
321.07,444.87,1.5
321.18,444.78,1.5
321.30,444.68,1.5
321.43,444.56,1.5
321.56,444.42,1.5
321.67,444.27,1.5
321.76,444.09,1.5
321.90,443.95,1.5
322.06,443.86,1.5
322.24,443.77,1.5
322.41,443.68,1.5
322.57,443.60,1.5
322.72,443.53,1.5
322.86,443.45,1.5
322.99,443.37,1.5
323.13,443.28,1.5
323.27,443.20,1.5
323.41,443.11,1.5
323.56,443.03,1.5
323.70,442.95,1.5
323.85,442.87,1.5
323.99,442.80,1.5
324.13,442.72,1.5
324.28,442.65,1.5
324.43,442.58,1.5
324.58,442.52,1.5
324.74,442.46,1.5
324.90,442.40,1.5
325.06,442.34,1.5
325.21,442.28,1.5
325.36,442.23,1.5
325.52,442.18,1.5
325.67,442.12,1.5
325.81,442.05,1.5
325.95,441.99,1.5
326.09,441.93,1.5
326.23,441.88,1.5
326.38,441.82,1.5
326.52,441.78,1.5
326.65,441.73,1.5
326.77,441.69,1.5
326.89,441.64,1.5
327.00,441.58,1.5
327.11,441.51,1.5
327.25,441.45,1.5
327.38,441.40,1.5
327.51,441.36,1.5
327.64,441.31,1.5
327.78,441.28,1.5
327.92,441.24,1.5
328.07,441.20,1.5
328.21,441.15,1.5
328.34,441.11,1.5
328.47,441.07,1.5
328.61,441.03,1.5
328.76,440.98,1.5
328.91,440.93,1.5
329.06,440.88,1.5
329.22,440.85,1.5
329.37,440.84,1.5
329.52,440.81,1.5
329.67,440.78,1.5
329.83,440.75,1.5
329.98,440.73,1.5
330.15,440.70,1.5
330.32,440.68,1.5
330.50,440.66,1.5
330.68,440.63,1.5
330.85,440.62,1.5
331.03,440.60,1.5
331.21,440.58,1.5
331.39,440.56,1.5
331.57,440.54,1.5
331.75,440.52,1.5
331.93,440.49,1.5
332.11,440.46,1.5
332.28,440.44,1.5
332.46,440.43,1.5
