296.20,458.84,1.5
296.42,458.87,1.5
296.64,458.90,1.5
296.86,458.90,1.5
297.08,458.89,1.5
297.30,458.89,1.5
297.52,458.90,1.5
297.75,458.90,1.5
297.98,458.89,1.5
298.19,458.89,1.5
298.40,458.87,1.5
298.60,458.85,1.5
298.81,458.82,1.5
299.04,458.78,1.5
299.27,458.73,1.5
299.50,458.71,1.5
299.72,458.69,1.5
299.93,458.66,1.5
300.15,458.65,1.5
300.36,458.63,1.5
300.57,458.61,1.5
300.77,458.59,1.5
300.95,458.56,1.5
301.13,458.51,1.5
301.30,458.45,1.5
301.49,458.39,1.5
301.66,458.34,1.5
301.81,458.27,1.5
301.96,458.18,1.5
302.11,458.08,1.5
302.26,457.97,1.5
302.42,457.84,1.5
302.58,457.72,1.5
302.72,457.58,1.5
302.87,457.44,1.5
303.03,457.28,1.5
303.17,457.11,1.5
303.29,456.94,1.5
303.41,456.78,1.5
303.53,456.63,1.5
303.67,456.48,1.5
303.81,456.33,1.5
303.95,456.16,1.5
304.09,455.98,1.5
304.22,455.81,1.5
304.35,455.63,1.5
304.47,455.45,1.5
304.59,455.28,1.5
304.73,455.14,1.5
304.90,455.02,1.5
305.07,454.92,1.5
305.24,454.82,1.5
305.43,454.72,1.5
305.63,454.61,1.5
305.82,454.48,1.5
306.00,454.34,1.5
306.18,454.19,1.5
306.35,454.04,1.5
306.53,453.89,1.5
306.69,453.73,1.5
306.85,453.57,1.5
307.02,453.41,1.5
307.20,453.26,1.5
307.38,453.11,1.5
307.56,452.98,1.5
307.74,452.88,1.5
307.92,452.78,1.5
308.11,452.68,1.5
308.29,452.58,1.5
308.48,452.47,1.5
308.65,452.37,1.5
308.83,452.28,1.5
309.00,452.19,1.5
309.18,452.11,1.5
309.36,452.01,1.5
309.54,451.91,1.5
309.72,451.81,1.5
309.92,451.72,1.5
310.12,451.64,1.5
310.33,451.56,1.5
310.55,451.48,1.5
310.77,451.38,1.5
310.98,451.28,1.5
311.18,451.19,1.5
311.38,451.10,1.5
311.57,451.00,1.5
311.79,450.90,1.5
312.01,450.80,1.5
312.24,450.71,1.5
312.46,450.61,1.5
312.69,450.52,1.5
312.92,450.43,1.5
313.14,450.34,1.5
313.36,450.25,1.5
313.59,450.15,1.5
313.81,450.04,1.5
314.04,449.93,1.5
314.28,449.82,1.5
314.52,449.71,1.5
314.76,449.59,1.5
315.01,449.46,1.5
315.25,449.31,1.5
315.49,449.16,1.5
315.66,448.98,1.5
315.76,448.75,1.5
315.94,448.54,1.5
316.15,448.37,1.5
316.39,448.23,1.5
316.63,448.09,1.5
316.88,447.97,1.5
317.12,447.84,1.5
317.37,447.70,1.5
317.61,447.56,1.5
317.83,447.39,1.5
318.07,447.24,1.5
318.31,447.10,1.5
318.56,446.97,1.5
318.80,446.85,1.5
319.05,446.72,1.5
319.30,446.59,1.5
319.53,446.44,1.5
319.76,446.31,1.5
319.98,446.18,1.5
320.21,446.07,1.5
320.43,445.97,1.5
320.65,445.86,1.5
320.87,445.74,1.5
321.07,445.63,1.5
321.28,445.63,1.5
321.53,445.62,1.5
321.76,445.56,1.5
321.99,445.48,1.5
322.20,445.39,1.5
322.42,445.29,1.5
322.63,445.18,1.5
322.85,445.06,1.5
323.06,444.94,1.5
323.26,444.83,1.5
323.47,444.74,1.5
323.67,444.65,1.5
323.87,444.57,1.5
324.06,444.50,1.5
324.25,444.42,1.5
324.43,444.34,1.5
324.61,444.26,1.5
324.79,444.19,1.5
324.97,444.10,1.5
325.14,444.01,1.5
325.29,443.91,1.5
325.43,443.81,1.5
325.58,443.72,1.5
325.74,443.64,1.5
325.90,443.53,1.5
326.06,443.41,1.5
326.24,443.28,1.5
326.44,443.15,1.5
326.63,443.01,1.5
326.82,442.86,1.5
327.01,442.73,1.5
327.20,442.62,1.5
327.40,442.49,1.5
327.60,442.37,1.5
327.80,442.24,1.5
328.01,442.13,1.5
328.23,442.03,1.5
328.47,441.94,1.5
328.72,441.86,1.5
328.96,441.79,1.5
329.19,441.73,1.5
329.41,441.67,1.5
329.64,441.62,1.5
329.86,441.57,1.5
330.08,441.51,1.5
330.30,441.45,1.5
330.53,441.40,1.5
330.75,441.36,1.5
330.97,441.32,1.5
331.18,441.29,1.5
331.39,441.26,1.5
331.59,441.22,1.5
331.79,441.19,1.5
331.98,441.17,1.5
332.19,441.14,1.5
332.41,441.12,1.5
332.63,441.09,1.5
332.86,441.05,1.5
333.07,441.03,1.5
333.28,441.02,1.5
333.49,441.00,1.5
333.72,440.96,1.5
333.93,440.92,1.5
334.13,440.87,1.5
334.33,440.84,1.5
334.54,440.81,1.5
334.75,440.79,1.5
334.97,440.77,1.5
335.19,440.77,1.5
335.40,440.76,1.5
335.48,440.66,1.5
335.50,440.50,1.5
335.55,440.37,1.5
335.65,440.26,1.5
335.80,440.18,1.5
335.98,440.13,1.5
336.19,440.10,1.5
336.42,440.09,1.5
336.66,440.08,1.5
336.89,440.07,1.5
337.11,440.08,1.5
337.32,440.12,1.5
337.53,440.19,1.5
337.74,440.28,1.5
337.96,440.37,1.5
338.18,440.45,1.5
338.40,440.53,1.5
338.62,440.61,1.5
338.83,440.68,1.5
339.06,440.73,1.5
339.27,440.79,1.5
339.49,440.85,1.5
339.70,440.91,1.5
339.93,440.96,1.5
340.15,441.02,1.5
340.37,441.08,1.5
340.60,441.14,1.5
340.83,441.20,1.5
341.05,441.25,1.5
341.26,441.30,1.5
341.47,441.35,1.5
341.67,441.39,1.5
341.89,441.43,1.5
342.10,441.46,1.5
342.33,441.47,1.5
342.54,441.48,1.5
342.75,441.47,1.5
342.96,441.46,1.5
343.16,441.42,1.5
343.35,441.36,1.5
343.51,441.31,1.5
343.65,441.26,1.5
343.80,441.22,1.5
343.95,441.20,1.5
344.10,441.16,1.5
344.26,441.11,1.5
344.44,441.03,1.5
344.61,440.92,1.5
344.76,440.83,1.5
344.89,440.77,1.5
345.02,440.75,1.5
345.16,440.76,1.5
345.32,440.80,1.5
345.47,440.86,1.5
345.61,440.94,1.5
345.76,441.00,1.5
345.91,441.03,1.5
346.06,441.03,1.5
346.21,441.03,1.5
346.36,441.00,1.5
346.53,440.92,1.5
346.73,440.80,1.5
346.90,440.68,1.5
347.06,440.56,1.5
347.21,440.41,1.5
347.36,440.26,1.5
347.53,440.11,1.5
347.70,439.96,1.5
347.87,439.80,1.5
348.06,439.64,1.5
348.22,439.47,1.5
348.37,439.29,1.5
348.51,439.11,1.5
348.66,438.93,1.5
348.80,438.77,1.5
348.93,438.60,1.5
349.07,438.44,1.5
349.20,438.29,1.5
349.31,438.13,1.5
349.39,437.94,1.5
349.48,437.75,1.5
349.58,437.58,1.5
349.67,437.39,1.5
349.76,437.20,1.5
349.86,437.01,1.5
349.96,436.81,1.5
350.06,436.59,1.5
350.16,436.38,1.5
350.28,436.19,1.5
350.39,436.00,1.5
350.50,435.82,1.5
350.58,435.61,1.5
350.66,435.38,1.5
350.74,435.15,1.5
350.80,434.91,1.5
350.84,434.66,1.5
350.83,434.39,1.5
350.77,434.11,1.5
350.67,433.84,1.5
350.55,433.59,1.5
350.43,433.37,1.5
350.30,433.16,1.5
350.16,432.96,1.5
350.01,432.79,1.5
349.84,432.63,1.5
349.67,432.48,1.5
349.50,432.34,1.5
349.35,432.22,1.5
349.26,432.07,1.5
349.28,431.91,1.5
349.36,431.75,1.5
349.48,431.57,1.5
349.62,431.39,1.5
349.76,431.21,1.5
349.91,431.03,1.5
350.06,430.85,1.5
350.23,430.66,1.5
350.40,430.46,1.5
350.58,430.26,1.5
350.76,430.06,1.5
350.93,429.85,1.5
351.10,429.64,1.5
351.26,429.44,1.5
351.43,429.23,1.5
351.60,429.03,1.5
351.76,428.83,1.5
351.92,428.64,1.5
352.09,428.45,1.5
352.25,428.26,1.5
352.42,428.07,1.5
352.59,427.89,1.5
352.76,427.70,1.5
352.93,427.52,1.5
353.09,427.34,1.5
353.26,427.16,1.5
353.44,426.98,1.5
353.62,426.80,1.5
353.79,426.63,1.5
353.97,426.45,1.5
354.14,426.26,1.5
354.32,426.08,1.5
354.49,425.90,1.5
354.67,425.72,1.5
354.85,425.55,1.5
355.03,425.36,1.5
355.21,425.16,1.5
355.38,424.95,1.5
355.54,424.73,1.5
355.71,424.53,1.5
355.90,424.35,1.5
356.09,424.18,1.5
356.28,424.00,1.5
356.46,423.82,1.5
356.62,423.62,1.5
356.80,423.43,1.5
356.99,423.25,1.5
357.18,423.08,1.5
357.37,422.89,1.5
357.54,422.69,1.5
357.69,422.47,1.5
357.85,422.24,1.5
357.99,422.01,1.5
358.14,421.80,1.5
358.30,421.60,1.5
358.46,421.40,1.5
358.63,421.21,1.5
358.79,421.02,1.5
358.96,420.82,1.5
359.12,420.63,1.5
359.29,420.44,1.5
359.45,420.25,1.5
359.62,420.06,1.5
359.78,419.87,1.5
359.94,419.68,1.5
360.10,419.49,1.5
360.26,419.31,1.5
360.42,419.12,1.5
360.58,418.92,1.5
360.73,418.74,1.5
360.89,418.56,1.5
361.05,418.38,1.5
361.22,418.20,1.5
361.39,418.02,1.5
361.57,417.84,1.5
361.74,417.66,1.5
361.92,417.47,1.5
362.09,417.28,1.5
362.25,417.08,1.5
362.40,416.88,1.5
362.54,416.68,1.5
362.68,416.49,1.5
362.82,416.30,1.5
362.95,416.10,1.5
363.09,415.92,1.5
363.22,415.74,1.5
363.37,415.58,1.5
363.52,415.41,1.5
363.69,415.25,1.5
363.86,415.08,1.5
364.03,414.92,1.5
364.21,414.76,1.5
364.39,414.60,1.5
364.58,414.44,1.5
364.77,414.27,1.5
364.96,414.08,1.5
365.14,413.90,1.5
365.34,413.70,1.5
365.53,413.50,1.5
365.74,413.30,1.5
365.95,413.11,1.5
366.16,412.92,1.5
366.36,412.72,1.5
366.56,412.52,1.5
366.75,412.33,1.5
366.94,412.13,1.5
367.14,411.93,1.5
367.33,411.73,1.5
367.52,411.53,1.5
367.70,411.33,1.5
367.89,411.12,1.5
368.08,410.92,1.5
368.26,410.72,1.5
368.45,410.51,1.5
368.63,410.31,1.5
368.82,410.11,1.5
369.00,409.90,1.5
369.19,409.70,1.5
369.37,409.49,1.5
369.55,409.29,1.5
369.74,409.09,1.5
369.92,408.88,1.5
370.10,408.67,1.5
370.28,408.45,1.5
370.46,408.23,1.5
370.64,408.01,1.5
370.82,407.81,1.5
371.00,407.60,1.5
371.19,407.40,1.5
371.37,407.19,1.5
371.55,406.99,1.5
371.74,406.78,1.5
371.92,406.58,1.5
372.10,406.37,1.5
372.28,406.17,1.5
372.47,405.96,1.5
372.65,405.75,1.5
372.83,405.54,1.5
372.98,405.31,1.5
373.12,405.06,1.5
373.28,404.83,1.5
373.44,404.59,1.5
373.60,404.36,1.5
373.77,404.13,1.5
373.95,403.92,1.5
374.13,403.71,1.5
374.31,403.50,1.5
374.49,403.28,1.5
374.66,403.05,1.5
374.83,402.82,1.5
374.98,402.58,1.5
375.15,402.35,1.5
375.32,402.13,1.5
375.50,401.92,1.5
375.68,401.71,1.5
375.86,401.51,1.5
376.04,401.31,1.5
376.22,401.11,1.5
376.39,400.91,1.5
376.57,400.71,1.5
376.74,400.51,1.5
376.91,400.32,1.5
377.09,400.12,1.5
377.26,399.92,1.5
377.43,399.71,1.5
377.60,399.50,1.5
377.76,399.28,1.5
377.92,399.07,1.5
378.08,398.87,1.5
378.23,398.66,1.5
378.39,398.47,1.5
378.56,398.29,1.5
378.72,398.11,1.5
378.89,397.93,1.5
379.06,397.74,1.5
379.23,397.56,1.5
379.39,397.38,1.5
379.56,397.20,1.5
379.74,397.02,1.5
379.92,396.84,1.5
380.10,396.66,1.5
380.27,396.48,1.5
380.44,396.30,1.5
380.61,396.12,1.5
380.77,395.94,1.5
380.94,395.77,1.5
381.10,395.60,1.5
381.27,395.43,1.5
381.45,395.26,1.5
381.63,395.10,1.5
381.81,394.93,1.5
381.99,394.76,1.5
382.16,394.58,1.5
382.32,394.39,1.5
382.46,394.21,1.5
382.40,394.07,1.5
382.35,393.88,1.5
382.39,393.69,1.5
382.50,393.51,1.5
382.64,393.34,1.5
382.80,393.17,1.5
382.95,393.01,1.5
383.11,392.85,1.5
383.28,392.70,1.5
383.46,392.56,1.5
383.65,392.41,1.5
383.83,392.26,1.5
384.01,392.09,1.5
384.19,391.93,1.5
384.37,391.76,1.5
384.56,391.59,1.5
384.74,391.43,1.5
384.94,391.25,1.5
385.12,391.07,1.5
385.30,390.88,1.5
385.47,390.67,1.5
385.62,390.45,1.5
385.77,390.24,1.5
385.90,390.17,1.5
386.09,390.22,1.5
386.30,390.17,1.5
386.50,390.04,1.5
386.67,389.86,1.5
386.79,389.65,1.5
386.93,389.44,1.5
387.09,389.22,1.5
387.23,389.00,1.5
387.37,388.77,1.5
387.53,388.56,1.5
387.70,388.35,1.5
387.86,388.14,1.5
388.04,387.93,1.5
388.22,387.74,1.5
388.41,387.55,1.5
388.60,387.37,1.5
388.79,387.19,1.5
388.98,387.01,1.5
389.18,386.83,1.5
389.38,386.64,1.5
389.57,386.44,1.5
389.75,386.22,1.5
389.91,386.00,1.5
390.02,385.84,1.5
389.94,385.83,1.5
389.84,385.80,1.5
389.80,385.72,1.5
389.81,385.58,1.5
389.86,385.40,1.5
389.93,385.21,1.5
390.04,385.02,1.5
390.20,384.84,1.5
390.37,384.67,1.5
390.53,384.52,1.5
390.70,384.36,1.5
390.86,384.19,1.5
391.02,384.03,1.5
391.17,383.85,1.5
391.33,383.69,1.5
391.49,383.54,1.5
391.66,383.38,1.5
391.84,383.23,1.5
392.02,383.07,1.5
392.20,382.91,1.5
392.38,382.74,1.5
392.56,382.57,1.5
392.74,382.40,1.5
392.92,382.25,1.5
393.11,382.08,1.5
393.31,381.90,1.5
393.51,381.72,1.5
393.70,381.52,1.5
393.86,381.30,1.5
394.00,381.08,1.5
394.20,380.97,1.5
394.43,380.86,1.5
394.65,380.69,1.5
394.84,380.48,1.5
395.02,380.26,1.5
395.19,380.04,1.5
395.36,379.82,1.5
395.53,379.60,1.5
395.70,379.37,1.5
395.85,379.14,1.5
395.99,378.89,1.5
396.15,378.66,1.5
396.31,378.44,1.5
396.48,378.22,1.5
396.65,378.00,1.5
396.81,377.76,1.5
396.95,377.51,1.5
397.10,377.28,1.5
397.27,377.05,1.5
397.42,376.80,1.5
397.57,376.55,1.5
397.69,376.30,1.5
397.79,376.04,1.5
397.91,375.78,1.5
398.04,375.52,1.5
398.15,375.28,1.5
398.19,375.03,1.5
398.24,374.76,1.5
398.29,374.52,1.5
398.21,374.29,1.5
398.21,374.03,1.5
398.29,373.79,1.5
398.42,373.57,1.5
398.57,373.34,1.5
398.73,373.13,1.5
398.90,372.91,1.5
399.07,372.69,1.5
399.24,372.47,1.5
399.41,372.26,1.5
399.58,372.04,1.5
399.75,371.83,1.5
399.92,371.62,1.5
400.10,371.40,1.5
400.27,371.19,1.5
400.44,370.96,1.5
400.60,370.73,1.5
400.77,370.50,1.5
400.93,370.26,1.5
401.09,370.02,1.5
401.23,369.76,1.5
401.37,369.50,1.5
401.51,369.25,1.5
401.56,369.04,1.5
401.53,368.82,1.5
401.58,368.58,1.5
401.70,368.36,1.5
401.86,368.15,1.5
402.04,367.95,1.5
402.22,367.75,1.5
402.42,367.56,1.5
402.61,367.36,1.5
402.79,367.16,1.5
402.98,366.95,1.5
403.16,366.75,1.5
403.35,366.55,1.5
403.53,366.34,1.5
403.71,366.14,1.5
403.89,365.92,1.5
404.06,365.70,1.5
404.20,365.48,1.5
404.27,365.24,1.5
404.38,364.99,1.5
404.52,364.77,1.5
404.68,364.55,1.5
404.86,364.35,1.5
405.04,364.14,1.5
405.21,363.92,1.5
405.39,363.70,1.5
405.55,363.47,1.5
405.68,363.23,1.5
405.80,362.98,1.5
405.94,362.73,1.5
406.04,362.47,1.5
406.08,362.21,1.5
406.09,361.96,1.5
406.05,361.74,1.5
406.02,361.53,1.5
406.09,361.38,1.5
406.18,361.17,1.5
406.28,360.92,1.5
406.35,360.64,1.5
406.40,360.37,1.5
406.43,360.10,1.5
406.48,359.86,1.5
406.49,359.72,1.5
406.44,359.63,1.5
406.42,359.49,1.5
406.44,359.29,1.5
406.50,359.06,1.5
406.56,358.81,1.5
406.64,358.55,1.5
406.72,358.29,1.5
406.82,358.04,1.5
406.93,357.80,1.5
407.05,357.56,1.5
407.16,357.33,1.5
407.25,357.10,1.5
407.36,356.88,1.5
407.46,356.66,1.5
407.55,356.48,1.5
407.57,356.32,1.5
407.56,356.14,1.5
407.59,355.96,1.5
407.66,355.83,1.5
407.79,355.77,1.5
407.94,355.75,1.5
408.09,355.69,1.5
408.21,355.62,1.5
408.29,355.54,1.5
408.28,355.51,1.5
408.15,355.53,1.5
408.03,355.49,1.5
408.01,355.43,1.5
408.09,355.34,1.5
408.18,355.25,1.5
408.21,355.21,1.5
408.23,355.17,1.5
408.25,355.14,1.5
408.32,355.08,1.5
408.40,354.99,1.5
408.44,354.86,1.5
408.46,354.69,1.5
408.47,354.50,1.5
408.43,354.36,1.5
408.35,354.25,1.5
408.31,354.08,1.5
408.31,353.90,1.5
408.35,353.70,1.5
408.43,353.48,1.5
408.52,353.23,1.5
408.61,352.98,1.5
408.69,352.75,1.5
408.78,352.51,1.5
408.87,352.26,1.5
408.98,352.02,1.5
409.11,351.78,1.5
409.26,351.56,1.5
409.43,351.35,1.5
409.61,351.14,1.5
409.79,350.94,1.5
409.96,350.73,1.5
410.15,350.52,1.5
410.34,350.31,1.5
410.53,350.10,1.5
410.72,349.89,1.5
410.90,349.68,1.5
411.09,349.47,1.5
411.26,349.25,1.5
411.44,349.04,1.5
411.62,348.83,1.5
411.80,348.62,1.5
411.98,348.41,1.5
412.15,348.20,1.5
412.31,348.00,1.5
412.47,347.79,1.5
412.63,347.57,1.5
412.77,347.34,1.5
412.90,347.10,1.5
413.03,346.87,1.5
413.15,346.64,1.5
413.27,346.41,1.5
413.39,346.18,1.5
413.51,345.95,1.5
413.63,345.72,1.5
413.75,345.48,1.5
413.86,345.25,1.5
413.97,345.02,1.5
414.08,344.78,1.5
414.20,344.54,1.5
414.30,344.30,1.5
414.40,344.05,1.5
414.50,343.80,1.5
414.60,343.55,1.5
414.70,343.31,1.5
414.80,343.07,1.5
414.91,342.83,1.5
415.01,342.59,1.5
415.10,342.35,1.5
415.19,342.10,1.5
415.29,341.86,1.5
415.41,341.62,1.5
415.52,341.38,1.5
415.64,341.14,1.5
415.75,340.90,1.5
415.87,340.67,1.5
415.98,340.44,1.5
416.10,340.21,1.5
416.21,339.98,1.5
416.33,339.75,1.5
416.44,339.53,1.5
416.56,339.31,1.5
416.67,339.09,1.5
416.78,338.87,1.5
416.88,338.65,1.5
416.98,338.42,1.5
417.09,338.20,1.5
417.20,337.98,1.5
417.31,337.76,1.5
417.42,337.54,1.5
417.54,337.32,1.5
417.66,337.10,1.5
417.77,336.88,1.5
417.89,336.65,1.5
418.00,336.43,1.5
418.11,336.20,1.5
418.23,335.98,1.5
418.34,335.75,1.5
418.45,335.52,1.5
418.56,335.29,1.5
418.66,335.04,1.5
418.75,334.79,1.5
418.82,334.54,1.5
418.90,334.31,1.5
418.97,334.08,1.5
419.05,333.86,1.5
419.14,333.64,1.5
419.22,333.43,1.5
419.32,333.21,1.5
419.42,332.99,1.5
419.53,332.78,1.5
419.64,332.57,1.5
419.75,332.35,1.5
419.85,332.11,1.5
419.95,331.87,1.5
420.05,331.63,1.5
420.16,331.39,1.5
420.27,331.15,1.5
420.37,330.90,1.5
420.48,330.66,1.5
420.58,330.40,1.5
420.67,330.13,1.5
420.74,329.86,1.5
420.83,329.60,1.5
420.91,329.34,1.5
421.00,329.07,1.5
421.09,328.80,1.5
421.18,328.53,1.5
421.27,328.26,1.5
421.35,328.00,1.5
421.45,327.74,1.5
421.54,327.48,1.5
421.63,327.23,1.5
421.73,326.98,1.5
421.82,326.74,1.5
421.91,326.51,1.5
421.99,326.28,1.5
422.07,326.04,1.5
422.15,325.81,1.5
422.22,325.56,1.5
422.28,325.32,1.5
422.34,325.08,1.5
422.39,324.85,1.5
422.43,324.63,1.5
422.48,324.41,1.5
422.53,324.18,1.5
422.58,323.96,1.5
422.63,323.73,1.5
422.69,323.51,1.5
422.75,323.30,1.5
422.82,323.08,1.5
422.89,322.86,1.5
422.95,322.63,1.5
423.01,322.40,1.5
423.08,322.11,1.5
423.14,321.88,1.5
423.19,321.66,1.5
423.25,321.43,1.5
423.32,321.20,1.5
423.39,320.97,1.5
423.47,320.75,1.5
423.54,320.53,1.5
423.62,320.31,1.5
423.70,320.09,1.5
423.80,319.87,1.5
423.89,319.65,1.5
423.97,319.43,1.5
424.06,319.21,1.5
424.16,318.98,1.5
424.26,318.75,1.5
424.36,318.52,1.5
424.46,318.28,1.5
424.57,318.05,1.5
424.67,317.81,1.5
424.79,317.58,1.5
424.89,317.35,1.5
424.99,317.12,1.5
425.09,316.88,1.5
425.21,316.66,1.5
425.33,316.43,1.5
425.43,316.20,1.5
425.52,315.96,1.5
425.60,315.72,1.5
425.68,315.47,1.5
425.75,315.23,1.5
425.82,314.99,1.5
425.89,314.75,1.5
425.95,314.52,1.5
426.00,314.27,1.5
426.03,314.04,1.5
426.09,313.96,1.5
426.26,313.96,1.5
426.42,313.83,1.5
426.55,313.61,1.5
426.64,313.35,1.5
426.72,313.07,1.5
426.81,312.78,1.5
426.89,312.51,1.5
426.98,312.24,1.5
427.06,311.98,1.5
427.14,311.72,1.5
427.21,311.47,1.5
427.28,311.22,1.5
427.35,310.97,1.5
427.41,310.73,1.5
427.48,310.48,1.5
427.55,310.24,1.5
427.61,309.99,1.5
427.68,309.75,1.5
427.75,309.50,1.5
427.81,309.25,1.5
427.88,309.00,1.5
427.95,308.75,1.5
428.01,308.50,1.5
428.08,308.25,1.5
428.14,308.00,1.5
428.21,307.75,1.5
428.28,307.49,1.5
428.34,307.24,1.5
428.41,306.98,1.5
428.48,306.71,1.5
428.55,306.45,1.5
428.61,306.17,1.5
428.68,305.90,1.5
428.75,305.64,1.5
428.82,305.38,1.5
428.90,305.12,1.5
428.98,304.86,1.5
429.07,304.61,1.5
429.15,304.36,1.5
429.24,304.11,1.5
429.32,303.86,1.5
429.40,303.60,1.5
429.48,303.34,1.5
429.55,303.08,1.5
429.62,302.82,1.5
429.71,302.57,1.5
429.83,302.33,1.5
429.94,302.09,1.5
430.05,301.85,1.5
430.15,301.62,1.5
430.24,301.38,1.5
430.32,301.14,1.5
430.40,300.89,1.5
430.47,300.65,1.5
430.54,300.40,1.5
430.59,300.15,1.5
430.63,299.89,1.5
430.65,299.65,1.5
430.63,299.44,1.5
430.56,299.25,1.5
430.49,299.05,1.5
430.44,298.83,1.5
430.42,298.59,1.5
430.40,298.34,1.5
430.39,298.09,1.5
430.37,297.84,1.5
430.38,297.60,1.5
430.43,297.38,1.5
430.48,297.16,1.5
430.51,296.95,1.5
430.53,296.74,1.5
430.55,296.55,1.5
430.58,296.36,1.5
430.62,296.18,1.5
430.67,296.01,1.5
430.74,295.84,1.5
430.82,295.66,1.5
430.90,295.46,1.5
430.96,295.24,1.5
431.02,295.02,1.5
431.07,294.80,1.5
431.10,294.59,1.5
431.15,294.39,1.5
431.21,294.19,1.5
431.27,293.98,1.5
431.32,293.76,1.5
431.38,293.54,1.5
431.43,293.32,1.5
431.48,293.12,1.5
431.51,292.91,1.5
431.55,292.68,1.5
431.58,292.45,1.5
431.59,292.22,1.5
431.58,292.00,1.5
431.60,291.80,1.5
431.61,291.61,1.5
431.62,291.41,1.5
431.61,291.20,1.5
431.61,290.98,1.5
431.62,290.76,1.5
431.61,290.55,1.5
431.53,290.34,1.5
431.47,290.12,1.5
431.46,289.89,1.5
431.45,289.67,1.5
431.46,289.45,1.5
431.49,289.24,1.5
431.52,289.03,1.5
431.55,288.83,1.5
431.58,288.64,1.5
