567.74,427.85,1.5
567.49,427.77,1.5
567.24,427.68,1.5
566.99,427.61,1.5
566.74,427.54,1.5
566.49,427.48,1.5
566.24,427.43,1.5
565.98,427.38,1.5
565.71,427.34,1.5
565.45,427.30,1.5
565.19,427.23,1.5
564.94,427.16,1.5
564.69,427.08,1.5
564.45,427.01,1.5
564.21,426.92,1.5
563.98,426.84,1.5
563.74,426.75,1.5
563.50,426.65,1.5
563.26,426.55,1.5
563.01,426.45,1.5
562.76,426.34,1.5
562.50,426.26,1.5
562.25,426.18,1.5
562.01,426.10,1.5
561.78,426.01,1.5
561.56,425.93,1.5
561.34,425.84,1.5
561.12,425.76,1.5
560.90,425.68,1.5
560.69,425.60,1.5
560.48,425.52,1.5
560.27,425.45,1.5
560.07,425.38,1.5
559.87,425.30,1.5
559.67,425.22,1.5
559.48,425.14,1.5
559.28,425.06,1.5
559.08,424.99,1.5
558.88,424.91,1.5
558.68,424.84,1.5
558.49,424.76,1.5
558.30,424.68,1.5
558.10,424.61,1.5
557.91,424.53,1.5
557.72,424.45,1.5
557.52,424.38,1.5
557.31,424.31,1.5
557.09,424.24,1.5
556.88,424.18,1.5
556.68,424.11,1.5
556.48,424.04,1.5
556.28,423.97,1.5
556.09,423.89,1.5
555.89,423.82,1.5
555.69,423.73,1.5
555.50,423.64,1.5
555.31,423.53,1.5
555.11,423.43,1.5
554.92,423.32,1.5
554.73,423.22,1.5
554.55,423.12,1.5
554.37,423.02,1.5
554.20,422.91,1.5
554.02,422.80,1.5
553.84,422.69,1.5
553.65,422.58,1.5
553.44,422.46,1.5
553.23,422.33,1.5
553.01,422.19,1.5
552.79,422.05,1.5
552.57,421.92,1.5
552.34,421.80,1.5
552.16,421.70,1.5
552.29,421.65,1.5
552.44,421.55,1.5
552.46,421.43,1.5
552.38,421.30,1.5
552.23,421.19,1.5
552.05,421.09,1.5
551.84,421.01,1.5
551.61,420.92,1.5
551.38,420.83,1.5
551.15,420.74,1.5
550.93,420.65,1.5
550.72,420.57,1.5
550.50,420.48,1.5
550.28,420.39,1.5
550.06,420.29,1.5
549.82,420.19,1.5
549.59,420.10,1.5
549.37,420.01,1.5
549.14,419.91,1.5
548.91,419.82,1.5
548.68,419.73,1.5
548.44,419.64,1.5
548.20,419.56,1.5
547.96,419.48,1.5
547.73,419.41,1.5
547.50,419.29,1.5
547.27,419.18,1.5
547.02,419.08,1.5
546.77,418.98,1.5
546.53,418.87,1.5
546.29,418.77,1.5
546.05,418.66,1.5
545.81,418.54,1.5
545.57,418.43,1.5
545.33,418.32,1.5
545.09,418.20,1.5
544.85,418.10,1.5
544.61,418.00,1.5
544.37,417.90,1.5
544.13,417.80,1.5
543.88,417.71,1.5
543.64,417.61,1.5
543.40,417.52,1.5
543.15,417.42,1.5
542.91,417.33,1.5
542.67,417.23,1.5
542.42,417.14,1.5
542.18,417.04,1.5
541.94,416.95,1.5
541.69,416.85,1.5
541.45,416.76,1.5
541.21,416.66,1.5
540.96,416.57,1.5
540.72,416.48,1.5
540.48,416.38,1.5
540.23,416.29,1.5
539.99,416.19,1.5
539.75,416.10,1.5
539.50,416.00,1.5
539.26,415.91,1.5
539.02,415.81,1.5
538.77,415.72,1.5
538.53,415.63,1.5
538.29,415.53,1.5
538.04,415.44,1.5
537.80,415.34,1.5
537.56,415.25,1.5
537.31,415.15,1.5
537.07,415.06,1.5
536.83,414.97,1.5
536.59,414.87,1.5
536.34,414.78,1.5
536.10,414.68,1.5
535.86,414.59,1.5
535.61,414.49,1.5
535.37,414.40,1.5
535.13,414.31,1.5
534.88,414.21,1.5
534.64,414.12,1.5
534.40,414.02,1.5
534.15,413.94,1.5
533.90,413.86,1.5
533.65,413.79,1.5
533.44,413.70,1.5
533.27,413.53,1.5
533.06,413.38,1.5
532.83,413.26,1.5
532.59,413.15,1.5
532.35,413.05,1.5
532.11,412.96,1.5
531.87,412.86,1.5
531.63,412.77,1.5
531.38,412.68,1.5
531.14,412.58,1.5
530.89,412.49,1.5
530.65,412.40,1.5
530.40,412.31,1.5
530.16,412.21,1.5
529.92,412.12,1.5
529.67,412.03,1.5
529.43,411.94,1.5
529.18,411.84,1.5
528.94,411.75,1.5
528.69,411.66,1.5
528.45,411.57,1.5
528.21,411.48,1.5
527.96,411.38,1.5
527.72,411.29,1.5
527.47,411.20,1.5
527.23,411.11,1.5
526.98,411.02,1.5
526.74,410.93,1.5
526.49,410.83,1.5
526.25,410.74,1.5
526.01,410.65,1.5
525.76,410.56,1.5
525.52,410.47,1.5
525.27,410.38,1.5
525.03,410.28,1.5
524.78,410.19,1.5
524.54,410.10,1.5
524.30,410.01,1.5
524.05,409.92,1.5
523.81,409.83,1.5
523.56,409.73,1.5
523.32,409.64,1.5
523.07,409.55,1.5
522.83,409.46,1.5
522.59,409.37,1.5
522.34,409.28,1.5
522.10,409.19,1.5
521.85,409.09,1.5
521.61,409.00,1.5
521.36,408.91,1.5
521.12,408.82,1.5
520.87,408.73,1.5
520.63,408.64,1.5
520.39,408.55,1.5
520.14,408.46,1.5
519.90,408.37,1.5
519.65,408.27,1.5
519.41,408.18,1.5
519.16,408.09,1.5
518.92,408.00,1.5
518.67,407.91,1.5
518.43,407.82,1.5
518.18,407.73,1.5
517.93,407.65,1.5
517.68,407.58,1.5
517.46,407.50,1.5
517.30,407.34,1.5
517.09,407.18,1.5
516.87,407.06,1.5
516.63,406.96,1.5
516.39,406.88,1.5
516.15,406.80,1.5
515.89,406.73,1.5
515.64,406.67,1.5
515.38,406.60,1.5
515.13,406.51,1.5
514.89,406.41,1.5
514.65,406.31,1.5
514.40,406.21,1.5
514.15,406.12,1.5
513.90,406.04,1.5
513.67,405.92,1.5
513.44,405.79,1.5
513.21,405.67,1.5
512.97,405.55,1.5
512.74,405.44,1.5
512.50,405.33,1.5
512.26,405.22,1.5
512.01,405.11,1.5
511.78,405.02,1.5
511.66,404.95,1.5
511.68,404.86,1.5
511.68,404.74,1.5
511.60,404.61,1.5
511.45,404.48,1.5
511.25,404.36,1.5
511.04,404.24,1.5
510.82,404.11,1.5
510.58,403.98,1.5
510.35,403.84,1.5
510.12,403.69,1.5
509.89,403.55,1.5
509.65,403.44,1.5
509.41,403.33,1.5
509.17,403.23,1.5
508.92,403.13,1.5
508.68,403.03,1.5
508.43,402.93,1.5
508.19,402.84,1.5
507.94,402.74,1.5
507.70,402.64,1.5
507.45,402.55,1.5
507.21,402.45,1.5
506.96,402.36,1.5
506.72,402.26,1.5
506.47,402.17,1.5
506.23,402.07,1.5
505.98,401.98,1.5
505.74,401.88,1.5
505.50,401.79,1.5
505.25,401.69,1.5
505.01,401.60,1.5
504.76,401.50,1.5
504.52,401.41,1.5
504.28,401.31,1.5
504.03,401.22,1.5
503.79,401.12,1.5
503.55,401.03,1.5
503.30,400.93,1.5
503.06,400.84,1.5
502.81,400.74,1.5
502.57,400.65,1.5
502.33,400.55,1.5
502.08,400.46,1.5
501.84,400.36,1.5
501.60,400.27,1.5
501.35,400.17,1.5
501.11,400.08,1.5
500.87,399.98,1.5
500.62,399.89,1.5
500.38,399.79,1.5
500.14,399.70,1.5
499.89,399.60,1.5
499.65,399.51,1.5
499.41,399.41,1.5
499.16,399.32,1.5
498.92,399.23,1.5
498.68,399.13,1.5
498.43,399.04,1.5
498.19,398.94,1.5
497.95,398.85,1.5
497.70,398.75,1.5
497.46,398.66,1.5
497.22,398.56,1.5
496.97,398.47,1.5
496.73,398.37,1.5
496.49,398.28,1.5
496.24,398.18,1.5
496.00,398.09,1.5
495.76,397.99,1.5
495.51,397.90,1.5
495.27,397.81,1.5
495.03,397.71,1.5
494.78,397.62,1.5
494.54,397.52,1.5
494.30,397.43,1.5
494.05,397.33,1.5
493.81,397.24,1.5
493.57,397.14,1.5
493.32,397.05,1.5
493.08,396.96,1.5
492.84,396.86,1.5
492.60,396.77,1.5
492.35,396.67,1.5
492.11,396.58,1.5
491.87,396.48,1.5
491.62,396.39,1.5
491.38,396.29,1.5
491.14,396.20,1.5
490.89,396.11,1.5
490.65,396.01,1.5
490.41,395.92,1.5
490.16,395.82,1.5
489.92,395.73,1.5
489.68,395.63,1.5
489.44,395.54,1.5
489.19,395.45,1.5
488.95,395.35,1.5
488.71,395.26,1.5
488.46,395.16,1.5
488.22,395.07,1.5
487.98,394.97,1.5
487.73,394.88,1.5
487.49,394.79,1.5
487.25,394.69,1.5
487.00,394.60,1.5
486.76,394.50,1.5
486.52,394.41,1.5
486.27,394.32,1.5
486.03,394.22,1.5
485.79,394.13,1.5
485.55,394.03,1.5
485.30,393.94,1.5
485.06,393.84,1.5
484.82,393.73,1.5
484.59,393.63,1.5
484.35,393.52,1.5
484.12,393.41,1.5
483.88,393.30,1.5
483.65,393.19,1.5
483.41,393.09,1.5
483.18,392.98,1.5
482.94,392.87,1.5
482.71,392.77,1.5
482.47,392.66,1.5
482.23,392.56,1.5
482.00,392.46,1.5
481.76,392.36,1.5
481.52,392.26,1.5
481.28,392.16,1.5
481.04,392.06,1.5
480.80,391.96,1.5
480.56,391.86,1.5
480.32,391.76,1.5
480.08,391.66,1.5
479.84,391.57,1.5
479.59,391.47,1.5
479.35,391.38,1.5
479.11,391.29,1.5
478.86,391.20,1.5
478.62,391.11,1.5
478.37,391.03,1.5
478.14,390.96,1.5
477.90,390.89,1.5
477.67,390.82,1.5
477.44,390.75,1.5
477.21,390.68,1.5
476.98,390.60,1.5
476.75,390.52,1.5
476.52,390.44,1.5
476.29,390.36,1.5
476.06,390.28,1.5
475.83,390.19,1.5
475.59,390.10,1.5
475.35,390.01,1.5
475.11,389.92,1.5
474.87,389.83,1.5
474.62,389.74,1.5
474.38,389.64,1.5
474.14,389.55,1.5
473.90,389.46,1.5
473.65,389.37,1.5
473.41,389.28,1.5
473.17,389.19,1.5
472.92,389.09,1.5
472.68,389.00,1.5
472.44,388.91,1.5
472.19,388.81,1.5
471.95,388.72,1.5
471.70,388.63,1.5
471.46,388.53,1.5
471.22,388.44,1.5
470.97,388.34,1.5
470.73,388.25,1.5
470.49,388.15,1.5
470.24,388.06,1.5
470.00,387.97,1.5
469.76,387.87,1.5
469.53,387.78,1.5
469.30,387.69,1.5
469.07,387.60,1.5
468.85,387.52,1.5
468.63,387.43,1.5
468.41,387.35,1.5
468.20,387.26,1.5
467.98,387.18,1.5
467.76,387.10,1.5
467.54,387.02,1.5
467.32,386.95,1.5
467.10,386.87,1.5
466.88,386.80,1.5
466.66,386.73,1.5
466.44,386.66,1.5
466.23,386.58,1.5
466.02,386.50,1.5
465.81,386.43,1.5
465.61,386.36,1.5
465.39,386.29,1.5
465.18,386.23,1.5
464.97,386.16,1.5
464.77,386.09,1.5
464.58,386.02,1.5
464.39,385.96,1.5
464.20,385.91,1.5
464.00,385.86,1.5
463.79,385.81,1.5
463.59,385.76,1.5
463.38,385.71,1.5
463.18,385.66,1.5
462.98,385.60,1.5
462.78,385.56,1.5
462.56,385.52,1.5
462.34,385.47,1.5
462.13,385.42,1.5
461.90,385.37,1.5
461.67,385.32,1.5
461.43,385.27,1.5
461.19,385.23,1.5
460.96,385.18,1.5
460.73,385.14,1.5
460.50,385.10,1.5
460.25,385.05,1.5
460.01,384.99,1.5
459.77,384.93,1.5
459.53,384.86,1.5
459.29,384.80,1.5
459.04,384.73,1.5
458.79,384.66,1.5
458.54,384.58,1.5
458.29,384.49,1.5
458.04,384.40,1.5
457.80,384.31,1.5
457.55,384.22,1.5
457.31,384.13,1.5
457.07,384.03,1.5
456.82,383.93,1.5
456.58,383.84,1.5
456.34,383.74,1.5
456.10,383.64,1.5
455.86,383.54,1.5
455.62,383.45,1.5
455.38,383.35,1.5
455.14,383.25,1.5
454.90,383.15,1.5
454.66,383.05,1.5
454.42,382.95,1.5
454.18,382.85,1.5
453.94,382.75,1.5
453.69,382.65,1.5
453.45,382.56,1.5
453.21,382.46,1.5
452.97,382.36,1.5
452.73,382.26,1.5
452.49,382.16,1.5
452.25,382.06,1.5
452.01,381.96,1.5
451.76,381.87,1.5
451.52,381.77,1.5
451.28,381.67,1.5
451.04,381.57,1.5
450.80,381.47,1.5
450.56,381.37,1.5
450.32,381.27,1.5
450.08,381.17,1.5
449.83,381.08,1.5
449.59,380.98,1.5
449.35,380.88,1.5
449.11,380.78,1.5
448.87,380.68,1.5
448.63,380.58,1.5
448.39,380.48,1.5
448.15,380.38,1.5
447.90,380.29,1.5
447.66,380.19,1.5
447.42,380.09,1.5
447.18,379.99,1.5
446.94,379.89,1.5
446.70,379.79,1.5
446.46,379.69,1.5
446.22,379.59,1.5
445.97,379.50,1.5
445.73,379.40,1.5
445.49,379.30,1.5
445.25,379.20,1.5
445.01,379.10,1.5
444.77,379.01,1.5
444.53,378.92,1.5
444.29,378.83,1.5
444.06,378.75,1.5
443.82,378.67,1.5
443.58,378.59,1.5
443.35,378.51,1.5
443.11,378.43,1.5
442.87,378.35,1.5
442.63,378.27,1.5
442.39,378.20,1.5
442.15,378.12,1.5
441.91,378.04,1.5
441.67,377.96,1.5
441.42,377.89,1.5
441.17,377.81,1.5
440.93,377.73,1.5
440.68,377.65,1.5
440.44,377.57,1.5
440.19,377.49,1.5
439.94,377.41,1.5
439.68,377.33,1.5
439.44,377.24,1.5
439.19,377.15,1.5
438.95,377.05,1.5
438.71,376.96,1.5
438.47,376.88,1.5
438.24,376.79,1.5
438.00,376.71,1.5
437.77,376.63,1.5
437.53,376.55,1.5
437.30,376.47,1.5
437.06,376.39,1.5
436.82,376.31,1.5
436.59,376.23,1.5
436.35,376.15,1.5
436.11,376.07,1.5
435.87,375.99,1.5
435.63,375.90,1.5
435.38,375.82,1.5
435.16,375.71,1.5
434.97,375.57,1.5
434.80,375.40,1.5
434.64,375.24,1.5
434.48,375.07,1.5
434.34,374.90,1.5
434.20,374.73,1.5
434.07,374.56,1.5
433.94,374.38,1.5
433.81,374.21,1.5
433.70,374.06,1.5
433.58,373.92,1.5
433.48,373.80,1.5
433.38,373.68,1.5
433.28,373.56,1.5
433.20,373.44,1.5
433.13,373.31,1.5
433.04,373.16,1.5
432.94,373.01,1.5
432.85,372.84,1.5
432.76,372.66,1.5
432.65,372.48,1.5
432.54,372.28,1.5
432.43,372.06,1.5
432.31,371.84,1.5
432.19,371.61,1.5
432.07,371.38,1.5
431.95,371.16,1.5
431.82,370.94,1.5
431.68,370.72,1.5
431.54,370.51,1.5
431.39,370.30,1.5
431.24,370.09,1.5
431.09,369.88,1.5
430.95,369.67,1.5
430.80,369.46,1.5
430.65,369.24,1.5
430.51,369.03,1.5
430.36,368.81,1.5
430.21,368.60,1.5
430.06,368.39,1.5
429.91,368.17,1.5
429.75,367.96,1.5
429.60,367.75,1.5
429.44,367.54,1.5
429.29,367.33,1.5
429.13,367.12,1.5
428.98,366.91,1.5
428.82,366.70,1.5
428.67,366.49,1.5
428.52,366.28,1.5
428.36,366.07,1.5
428.21,365.86,1.5
428.05,365.65,1.5
427.89,365.45,1.5
427.73,365.25,1.5
427.58,365.11,1.5
427.41,365.09,1.5
427.23,365.01,1.5
427.05,364.87,1.5
426.89,364.70,1.5
426.73,364.51,1.5
426.58,364.30,1.5
426.43,364.10,1.5
426.28,363.89,1.5
426.14,363.67,1.5
426.00,363.45,1.5
425.86,363.23,1.5
425.71,363.01,1.5
425.54,362.80,1.5
425.36,362.61,1.5
425.20,362.43,1.5
425.14,362.33,1.5
425.13,362.33,1.5
425.10,362.31,1.5
425.01,362.27,1.5
424.88,362.18,1.5
424.71,362.05,1.5
424.53,361.90,1.5
424.35,361.74,1.5
424.23,361.57,1.5
424.15,361.35,1.5
424.05,361.11,1.5
423.94,360.86,1.5
423.82,360.62,1.5
423.70,360.36,1.5
423.56,360.09,1.5
423.43,359.84,1.5
423.28,359.59,1.5
423.13,359.35,1.5
422.96,359.12,1.5
422.78,358.91,1.5
422.60,358.70,1.5
422.41,358.49,1.5
422.21,358.30,1.5
422.01,358.12,1.5
421.80,357.94,1.5
421.59,357.77,1.5
421.37,357.61,1.5
421.15,357.44,1.5
420.93,357.28,1.5
420.70,357.13,1.5
420.48,356.97,1.5
420.26,356.82,1.5
420.03,356.67,1.5
419.81,356.52,1.5
419.58,356.37,1.5
419.36,356.23,1.5
419.14,356.08,1.5
418.92,355.93,1.5
418.70,355.79,1.5
418.48,355.66,1.5
418.27,355.54,1.5
418.05,355.41,1.5
417.84,355.29,1.5
417.63,355.16,1.5
417.43,355.03,1.5
417.22,354.90,1.5
417.01,354.76,1.5
416.81,354.63,1.5
416.61,354.49,1.5
416.41,354.35,1.5
416.21,354.20,1.5
416.01,354.06,1.5
415.81,353.91,1.5
415.59,353.76,1.5
415.37,353.62,1.5
415.15,353.47,1.5
414.95,353.31,1.5
414.75,353.15,1.5
414.57,352.98,1.5
414.40,352.80,1.5
414.20,352.64,1.5
413.99,352.47,1.5
413.77,352.31,1.5
413.58,352.15,1.5
413.39,351.98,1.5
413.19,351.83,1.5
413.09,351.81,1.5
413.08,351.84,1.5
413.07,351.81,1.5
413.04,351.72,1.5
412.98,351.60,1.5
412.87,351.48,1.5
412.74,351.34,1.5
412.58,351.19,1.5
412.41,351.03,1.5
412.24,350.89,1.5
412.06,350.75,1.5
411.89,350.62,1.5
411.71,350.48,1.5
411.52,350.34,1.5
411.33,350.20,1.5
411.14,350.06,1.5
410.95,349.92,1.5
410.77,349.77,1.5
410.58,349.61,1.5
410.39,349.44,1.5
410.20,349.27,1.5
410.01,349.09,1.5
409.82,348.91,1.5
409.63,348.74,1.5
409.45,348.57,1.5
409.27,348.40,1.5
409.08,348.23,1.5
409.04,348.19,1.5
408.85,348.03,1.5
408.64,347.89,1.5
408.43,347.75,1.5
408.22,347.62,1.5
408.00,347.50,1.5
407.78,347.37,1.5
407.55,347.24,1.5
407.33,347.10,1.5
407.10,346.97,1.5
406.87,346.84,1.5
406.64,346.72,1.5
406.41,346.59,1.5
406.18,346.47,1.5
405.94,346.36,1.5
405.70,346.26,1.5
405.46,346.15,1.5
405.22,346.05,1.5
404.98,345.95,1.5
404.74,345.84,1.5
404.50,345.74,1.5
404.26,345.64,1.5
404.02,345.54,1.5
403.78,345.43,1.5
403.54,345.33,1.5
403.30,345.23,1.5
403.06,345.12,1.5
402.82,345.02,1.5
402.58,344.92,1.5
402.34,344.82,1.5
402.10,344.71,1.5
401.87,344.61,1.5
401.63,344.51,1.5
401.39,344.41,1.5
401.15,344.30,1.5
400.91,344.20,1.5
400.67,344.10,1.5
400.43,343.99,1.5
400.19,343.89,1.5
399.95,343.79,1.5
399.71,343.69,1.5
399.47,343.58,1.5
399.23,343.48,1.5
399.01,343.37,1.5
398.79,343.26,1.5
398.58,343.15,1.5
398.38,343.05,1.5
398.18,342.95,1.5
397.98,342.85,1.5
397.78,342.75,1.5
397.58,342.65,1.5
397.39,342.56,1.5
397.19,342.47,1.5
397.00,342.38,1.5
396.80,342.29,1.5
396.61,342.20,1.5
396.42,342.11,1.5
396.22,342.03,1.5
396.03,341.94,1.5
395.84,341.86,1.5
395.65,341.78,1.5
395.45,341.70,1.5
395.23,341.60,1.5
395.01,341.49,1.5
394.79,341.38,1.5
394.58,341.27,1.5
394.38,341.15,1.5
394.18,341.02,1.5
393.99,340.91,1.5
393.78,340.80,1.5
393.59,340.69,1.5
393.41,340.57,1.5
393.22,340.45,1.5
393.04,340.34,1.5
392.85,340.22,1.5
392.66,340.11,1.5
392.46,340.01,1.5
392.26,339.91,1.5
392.05,339.81,1.5
391.84,339.72,1.5
391.62,339.63,1.5
391.40,339.54,1.5
391.19,339.45,1.5
390.98,339.36,1.5
390.76,339.27,1.5
390.54,339.18,1.5
390.32,339.09,1.5
390.09,338.99,1.5
389.86,338.90,1.5
389.63,338.81,1.5
389.41,338.72,1.5
389.19,338.62,1.5
388.97,338.53,1.5
388.76,338.44,1.5
388.54,338.34,1.5
388.32,338.24,1.5
388.10,338.14,1.5
387.88,338.04,1.5
387.66,337.94,1.5
387.45,337.85,1.5
387.23,337.76,1.5
387.02,337.67,1.5
386.81,337.58,1.5
386.59,337.49,1.5
386.38,337.40,1.5
386.17,337.31,1.5
385.96,337.22,1.5
385.76,337.13,1.5
385.56,337.03,1.5
385.35,336.95,1.5
385.14,336.87,1.5
384.94,336.79,1.5
384.76,336.74,1.5
384.62,336.71,1.5
384.51,336.71,1.5
384.50,336.73,1.5
384.49,336.72,1.5
384.50,336.72,1.5
384.49,336.71,1.5
384.49,336.69,1.5
384.49,336.69,1.5
384.48,336.67,1.5
384.47,336.66,1.5
384.47,336.65,1.5
384.46,336.65,1.5
384.46,336.64,1.5
384.45,336.64,1.5
384.44,336.63,1.5
384.44,336.63,1.5
384.43,336.63,1.5
384.42,336.63,1.5
384.42,336.63,1.5
384.41,336.62,1.5
384.41,336.62,1.5
384.39,336.61,1.5
384.39,336.61,1.5
384.37,336.60,1.5
384.36,336.60,1.5
384.34,336.59,1.5
384.34,336.58,1.5
384.32,336.57,1.5
384.31,336.55,1.5
384.30,336.54,1.5
384.29,336.53,1.5
384.29,336.53,1.5
384.27,336.52,1.5
384.27,336.52,1.5
384.25,336.51,1.5
384.24,336.50,1.5
384.23,336.49,1.5
384.23,336.47,1.5
384.22,336.46,1.5
384.21,336.44,1.5
384.19,336.43,1.5
384.16,336.41,1.5
384.12,336.40,1.5
384.06,336.39,1.5
384.00,336.37,1.5
383.95,336.35,1.5
383.90,336.34,1.5
383.86,336.32,1.5
383.82,336.31,1.5
383.80,336.30,1.5
383.77,336.30,1.5
383.75,336.30,1.5
383.74,336.29,1.5
383.74,336.29,1.5
383.73,336.29,1.5
383.73,336.29,1.5
383.72,336.29,1.5
383.72,336.29,1.5
383.72,336.29,1.5
383.71,336.29,1.5
383.71,336.29,1.5
383.71,336.29,1.5
383.70,336.29,1.5
383.70,336.29,1.5
383.70,336.29,1.5
383.69,336.29,1.5
383.69,336.29,1.5
383.68,336.29,1.5
383.68,336.29,1.5
383.68,336.29,1.5
383.67,336.29,1.5
383.67,336.29,1.5
383.66,336.30,1.5
383.66,336.29,1.5
383.65,336.30,1.5
383.65,336.30,1.5
383.65,336.30,1.5
383.65,336.30,1.5
383.64,336.30,1.5
383.64,336.30,1.5
383.63,336.29,1.5
383.63,336.29,1.5
383.63,336.29,1.5
383.62,336.29,1.5
383.61,336.29,1.5
383.60,336.28,1.5
383.59,336.27,1.5
383.57,336.27,1.5
383.54,336.27,1.5
383.53,336.27,1.5
383.52,336.27,1.5
383.49,336.25,1.5
383.46,336.24,1.5
383.45,336.24,1.5
383.43,336.23,1.5
383.41,336.22,1.5
383.40,336.22,1.5
383.40,336.22,1.5
383.39,336.22,1.5
383.37,336.21,1.5
383.36,336.21,1.5
383.36,336.20,1.5
383.35,336.21,1.5
383.33,336.20,1.5
383.31,336.20,1.5
383.30,336.21,1.5
383.29,336.21,1.5
383.29,336.21,1.5
383.27,336.20,1.5
383.26,336.21,1.5
383.26,336.21,1.5
383.24,336.20,1.5
383.23,336.20,1.5
383.23,336.20,1.5
383.21,336.19,1.5
383.20,336.19,1.5
383.19,336.18,1.5
383.18,336.18,1.5
383.17,336.18,1.5
383.15,336.17,1.5
383.14,336.17,1.5
383.13,336.17,1.5
383.12,336.17,1.5
383.11,336.17,1.5
383.10,336.17,1.5
383.09,336.17,1.5
383.09,336.17,1.5
383.06,336.16,1.5
383.04,336.16,1.5
383.03,336.16,1.5
383.00,336.16,1.5
382.99,336.15,1.5
382.97,336.15,1.5
382.97,336.15,1.5
382.95,336.14,1.5
382.94,336.13,1.5
382.93,336.13,1.5
382.92,336.11,1.5
382.90,336.10,1.5
382.89,336.09,1.5
382.88,336.07,1.5
382.87,336.07,1.5
382.85,336.05,1.5
382.85,336.04,1.5
382.84,336.04,1.5
382.84,336.04,1.5
382.83,336.04,1.5
382.81,336.03,1.5
382.80,336.03,1.5
382.79,336.03,1.5
