331.86,339.97,1.5
332.14,339.98,1.5
332.41,339.99,1.5
332.69,340.00,1.5
332.97,340.01,1.5
333.24,340.02,1.5
333.52,340.03,1.5
333.80,340.04,1.5
334.08,340.05,1.5
334.35,340.06,1.5
334.63,340.07,1.5
334.91,340.08,1.5
335.18,340.09,1.5
335.46,340.10,1.5
335.74,340.10,1.5
336.02,340.11,1.5
336.29,340.12,1.5
336.57,340.13,1.5
336.85,340.14,1.5
337.12,340.15,1.5
337.40,340.16,1.5
337.68,340.17,1.5
337.96,340.18,1.5
338.23,340.19,1.5
338.51,340.20,1.5
338.79,340.21,1.5
339.06,340.22,1.5
339.34,340.22,1.5
339.62,340.23,1.5
339.90,340.24,1.5
340.17,340.25,1.5
340.45,340.26,1.5
340.73,340.27,1.5
341.00,340.28,1.5
341.28,340.29,1.5
341.56,340.30,1.5
341.84,340.31,1.5
342.11,340.32,1.5
342.39,340.33,1.5
342.67,340.33,1.5
342.94,340.34,1.5
343.22,340.35,1.5
343.50,340.36,1.5
343.78,340.37,1.5
344.05,340.38,1.5
344.33,340.39,1.5
344.61,340.40,1.5
344.88,340.41,1.5
345.16,340.42,1.5
345.44,340.43,1.5
345.72,340.44,1.5
345.99,340.44,1.5
346.27,340.45,1.5
346.55,340.46,1.5
346.82,340.47,1.5
347.10,340.48,1.5
347.38,340.49,1.5
347.66,340.50,1.5
347.93,340.51,1.5
348.21,340.52,1.5
348.49,340.53,1.5
348.76,340.53,1.5
349.04,340.54,1.5
349.32,340.55,1.5
349.59,340.56,1.5
349.87,340.58,1.5
350.14,340.59,1.5
350.42,340.61,1.5
350.69,340.64,1.5
350.96,340.66,1.5
351.23,340.69,1.5
351.51,340.72,1.5
351.78,340.74,1.5
352.05,340.77,1.5
352.33,340.80,1.5
352.60,340.82,1.5
352.88,340.85,1.5
353.15,340.88,1.5
353.43,340.90,1.5
353.71,340.92,1.5
353.98,340.94,1.5
354.26,340.96,1.5
354.54,340.98,1.5
354.82,340.99,1.5
355.10,341.00,1.5
355.37,341.00,1.5
355.65,340.99,1.5
355.93,340.99,1.5
356.21,340.99,1.5
356.48,340.99,1.5
356.76,340.99,1.5
357.04,340.99,1.5
357.32,340.99,1.5
357.59,340.99,1.5
357.87,340.99,1.5
358.15,340.99,1.5
358.42,340.98,1.5
358.70,340.98,1.5
358.98,340.98,1.5
359.26,340.98,1.5
359.53,340.98,1.5
359.81,340.98,1.5
360.09,340.98,1.5
360.37,340.97,1.5
360.64,340.97,1.5
360.92,340.97,1.5
361.20,340.97,1.5
361.47,340.96,1.5
361.75,340.96,1.5
362.02,340.96,1.5
362.29,340.97,1.5
362.55,340.97,1.5
362.83,340.98,1.5
363.12,341.01,1.5
363.41,341.03,1.5
363.71,341.05,1.5
363.99,341.09,1.5
364.25,341.14,1.5
364.48,341.17,1.5
364.70,341.19,1.5
364.91,341.21,1.5
365.13,341.20,1.5
365.34,341.19,1.5
365.55,341.16,1.5
365.71,341.13,1.5
365.81,341.10,1.5
365.86,341.04,1.5
365.89,341.02,1.5
365.89,341.02,1.5
365.90,341.04,1.5
365.91,341.05,1.5
365.91,341.05,1.5
365.92,341.06,1.5
365.92,341.06,1.5
365.93,341.07,1.5
365.94,341.09,1.5
365.95,341.12,1.5
365.96,341.15,1.5
365.97,341.18,1.5
365.99,341.21,1.5
366.01,341.26,1.5
366.03,341.30,1.5
366.05,341.34,1.5
366.05,341.36,1.5
366.05,341.37,1.5
366.06,341.38,1.5
366.08,341.38,1.5
366.08,341.38,1.5
366.10,341.38,1.5
366.11,341.38,1.5
366.12,341.37,1.5
366.13,341.37,1.5
366.14,341.36,1.5
366.14,341.36,1.5
366.14,341.36,1.5
366.15,341.37,1.5
366.17,341.37,1.5
366.18,341.37,1.5
366.19,341.36,1.5
366.21,341.34,1.5
366.22,341.31,1.5
366.25,341.28,1.5
366.27,341.25,1.5
366.28,341.22,1.5
366.30,341.19,1.5
366.31,341.17,1.5
366.33,341.14,1.5
366.35,341.12,1.5
366.36,341.10,1.5
366.37,341.10,1.5
366.38,341.10,1.5
366.38,341.10,1.5
366.39,341.10,1.5
366.40,341.10,1.5
366.40,341.10,1.5
366.42,341.11,1.5
366.43,341.10,1.5
366.45,341.09,1.5
366.46,341.08,1.5
366.46,341.06,1.5
366.48,341.06,1.5
366.49,341.05,1.5
366.51,341.04,1.5
366.51,341.03,1.5
366.52,341.04,1.5
366.54,341.05,1.5
366.54,341.04,1.5
366.55,341.04,1.5
366.56,341.04,1.5
366.55,341.05,1.5
366.55,341.06,1.5
366.56,341.06,1.5
366.57,341.06,1.5
366.58,341.06,1.5
366.58,341.06,1.5
366.59,341.06,1.5
366.59,341.05,1.5
366.59,341.03,1.5
366.60,341.02,1.5
366.62,341.02,1.5
366.62,341.01,1.5
366.62,341.01,1.5
366.63,341.01,1.5
366.65,341.01,1.5
366.65,341.02,1.5
366.67,341.03,1.5
366.67,341.03,1.5
366.67,341.03,1.5
366.68,341.03,1.5
366.69,341.04,1.5
366.69,341.06,1.5
366.70,341.10,1.5
366.70,341.13,1.5
366.70,341.15,1.5
366.70,341.17,1.5
366.70,341.17,1.5
366.72,341.18,1.5
366.72,341.18,1.5
366.74,341.17,1.5
366.75,341.15,1.5
366.75,341.15,1.5
366.76,341.15,1.5
366.77,341.16,1.5
366.78,341.16,1.5
366.79,341.17,1.5
366.80,341.17,1.5
366.80,341.19,1.5
366.79,341.20,1.5
366.81,341.21,1.5
366.81,341.22,1.5
366.82,341.22,1.5
366.81,341.22,1.5
366.82,341.24,1.5
366.83,341.25,1.5
366.84,341.26,1.5
366.84,341.26,1.5
366.84,341.29,1.5
366.83,341.36,1.5
366.81,341.47,1.5
366.79,341.60,1.5
366.75,341.73,1.5
366.74,341.83,1.5
366.74,341.91,1.5
366.76,341.96,1.5
366.76,341.97,1.5
366.77,341.97,1.5
366.79,341.96,1.5
366.80,341.97,1.5
366.81,341.95,1.5
366.83,341.93,1.5
366.84,341.91,1.5
366.85,341.91,1.5
366.87,341.90,1.5
366.88,341.90,1.5
366.89,341.90,1.5
366.90,341.90,1.5
366.90,341.90,1.5
366.91,341.91,1.5
366.91,341.91,1.5
366.92,341.92,1.5
366.92,341.92,1.5
366.93,341.93,1.5
366.94,341.93,1.5
366.95,341.94,1.5
366.97,341.94,1.5
366.98,341.94,1.5
366.99,341.94,1.5
367.00,341.94,1.5
367.02,341.95,1.5
367.03,341.97,1.5
367.03,341.96,1.5
367.04,341.96,1.5
367.04,341.96,1.5
367.05,341.97,1.5
367.05,341.98,1.5
367.06,341.99,1.5
367.06,341.99,1.5
367.07,341.99,1.5
367.08,341.99,1.5
367.08,342.00,1.5
367.09,342.00,1.5
367.09,341.99,1.5
367.09,342.00,1.5
367.08,341.99,1.5
367.08,341.99,1.5
367.07,341.99,1.5
367.07,342.00,1.5
367.07,342.01,1.5
367.07,342.02,1.5
367.07,342.04,1.5
367.07,342.06,1.5
367.07,342.09,1.5
367.06,342.09,1.5
367.06,342.09,1.5
367.06,342.09,1.5
367.06,342.09,1.5
367.06,342.09,1.5
367.07,342.09,1.5
367.07,342.10,1.5
367.08,342.10,1.5
367.08,342.11,1.5
367.09,342.12,1.5
367.17,342.12,1.5
367.30,342.11,1.5
367.43,342.09,1.5
367.55,342.06,1.5
367.65,342.07,1.5
367.76,342.10,1.5
367.89,342.13,1.5
368.03,342.18,1.5
368.15,342.23,1.5
368.24,342.28,1.5
368.34,342.33,1.5
368.43,342.35,1.5
368.53,342.36,1.5
368.66,342.37,1.5
368.82,342.37,1.5
368.99,342.37,1.5
369.21,342.37,1.5
369.46,342.35,1.5
369.73,342.32,1.5
370.02,342.25,1.5
370.23,342.18,1.5
370.29,342.23,1.5
370.37,342.38,1.5
370.51,342.52,1.5
370.68,342.59,1.5
370.75,342.60,1.5
370.68,342.60,1.5
370.63,342.60,1.5
370.61,342.57,1.5
370.58,342.53,1.5
370.55,342.49,1.5
370.55,342.47,1.5
370.59,342.47,1.5
370.68,342.48,1.5
370.80,342.49,1.5
370.88,342.53,1.5
370.95,342.58,1.5
371.07,342.59,1.5
371.23,342.60,1.5
371.41,342.58,1.5
371.56,342.52,1.5
371.70,342.45,1.5
371.87,342.37,1.5
372.07,342.28,1.5
372.24,342.20,1.5
372.38,342.13,1.5
372.51,342.04,1.5
372.65,341.95,1.5
372.79,341.87,1.5
372.92,341.83,1.5
373.04,341.80,1.5
373.14,341.76,1.5
373.21,341.70,1.5
373.25,341.63,1.5
373.23,341.58,1.5
373.22,341.51,1.5
373.24,341.44,1.5
373.32,341.45,1.5
373.45,341.53,1.5
373.63,341.63,1.5
373.82,341.72,1.5
374.00,341.81,1.5
374.18,341.91,1.5
374.36,342.02,1.5
374.54,342.13,1.5
374.72,342.25,1.5
374.89,342.36,1.5
375.05,342.46,1.5
375.21,342.56,1.5
375.37,342.67,1.5
375.53,342.76,1.5
375.71,342.85,1.5
375.89,342.94,1.5
376.08,343.04,1.5
376.28,343.14,1.5
376.50,343.25,1.5
376.71,343.35,1.5
376.92,343.44,1.5
377.13,343.54,1.5
377.34,343.64,1.5
377.54,343.74,1.5
377.73,343.84,1.5
377.93,343.93,1.5
378.14,344.03,1.5
378.37,344.15,1.5
378.61,344.28,1.5
378.85,344.41,1.5
379.09,344.54,1.5
379.35,344.68,1.5
379.60,344.79,1.5
379.81,344.89,1.5
379.99,344.98,1.5
380.16,345.06,1.5
380.34,345.12,1.5
380.54,345.18,1.5
380.77,345.24,1.5
381.00,345.30,1.5
381.22,345.36,1.5
381.45,345.42,1.5
381.67,345.48,1.5
381.89,345.55,1.5
382.10,345.62,1.5
382.29,345.70,1.5
382.49,345.78,1.5
382.69,345.85,1.5
382.88,345.92,1.5
383.07,345.99,1.5
383.24,346.04,1.5
383.41,346.09,1.5
383.57,346.14,1.5
383.73,346.21,1.5
383.89,346.29,1.5
384.06,346.38,1.5
384.25,346.47,1.5
384.44,346.55,1.5
384.64,346.62,1.5
384.82,346.71,1.5
384.98,346.80,1.5
385.13,346.87,1.5
385.28,346.92,1.5
385.42,346.93,1.5
385.57,346.91,1.5
385.74,346.89,1.5
385.93,346.86,1.5
386.15,346.84,1.5
386.39,346.83,1.5
386.65,346.82,1.5
386.92,346.79,1.5
387.18,346.75,1.5
387.41,346.71,1.5
387.58,346.66,1.5
387.62,346.59,1.5
387.58,346.56,1.5
387.56,346.57,1.5
387.55,346.57,1.5
387.55,346.57,1.5
387.56,346.58,1.5
387.56,346.59,1.5
387.56,346.60,1.5
387.55,346.62,1.5
387.55,346.61,1.5
387.56,346.60,1.5
387.57,346.58,1.5
387.59,346.55,1.5
387.56,346.53,1.5
387.52,346.53,1.5
387.53,346.52,1.5
387.57,346.52,1.5
387.66,346.53,1.5
387.81,346.56,1.5
388.00,346.62,1.5
388.20,346.71,1.5
388.43,346.78,1.5
388.68,346.86,1.5
388.90,346.91,1.5
389.09,346.94,1.5
389.27,347.00,1.5
389.45,347.07,1.5
389.64,347.14,1.5
389.84,347.21,1.5
390.03,347.26,1.5
390.21,347.30,1.5
390.38,347.33,1.5
390.54,347.35,1.5
390.71,347.41,1.5
390.89,347.51,1.5
391.09,347.59,1.5
391.30,347.66,1.5
391.52,347.73,1.5
391.76,347.81,1.5
391.98,347.90,1.5
392.19,347.99,1.5
392.42,348.07,1.5
392.65,348.15,1.5
392.89,348.23,1.5
393.12,348.32,1.5
393.35,348.41,1.5
393.58,348.51,1.5
393.81,348.61,1.5
394.03,348.73,1.5
394.25,348.84,1.5
394.47,348.95,1.5
394.69,349.05,1.5
394.91,349.16,1.5
395.13,349.27,1.5
395.35,349.36,1.5
395.57,349.46,1.5
395.79,349.56,1.5
396.01,349.66,1.5
396.23,349.76,1.5
396.47,349.87,1.5
396.70,349.99,1.5
396.94,350.11,1.5
397.17,350.23,1.5
397.40,350.35,1.5
397.63,350.45,1.5
397.87,350.56,1.5
398.12,350.67,1.5
398.38,350.79,1.5
398.63,350.93,1.5
398.83,351.04,1.5
398.99,351.11,1.5
399.10,351.13,1.5
399.14,351.13,1.5
399.15,351.14,1.5
399.15,351.14,1.5
399.16,351.14,1.5
399.17,351.14,1.5
399.19,351.15,1.5
399.20,351.15,1.5
399.21,351.15,1.5
399.22,351.15,1.5
399.23,351.15,1.5
399.24,351.16,1.5
399.26,351.17,1.5
399.27,351.18,1.5
399.29,351.18,1.5
399.30,351.18,1.5
399.31,351.18,1.5
399.32,351.18,1.5
399.34,351.18,1.5
399.35,351.18,1.5
399.36,351.19,1.5
399.38,351.20,1.5
399.39,351.20,1.5
399.41,351.20,1.5
399.42,351.21,1.5
399.43,351.21,1.5
399.44,351.22,1.5
399.45,351.22,1.5
399.46,351.24,1.5
399.47,351.24,1.5
399.48,351.25,1.5
399.49,351.25,1.5
399.52,351.26,1.5
399.52,351.26,1.5
399.54,351.27,1.5
399.54,351.27,1.5
399.56,351.27,1.5
399.58,351.27,1.5
399.60,351.27,1.5
399.60,351.27,1.5
399.62,351.28,1.5
399.62,351.28,1.5
399.64,351.28,1.5
399.65,351.28,1.5
399.67,351.29,1.5
399.68,351.29,1.5
399.68,351.29,1.5
399.68,351.29,1.5
399.69,351.29,1.5
399.71,351.30,1.5
399.71,351.31,1.5
399.72,351.32,1.5
399.72,351.31,1.5
399.73,351.32,1.5
399.74,351.32,1.5
399.76,351.33,1.5
399.77,351.33,1.5
399.78,351.33,1.5
399.80,351.34,1.5
399.81,351.33,1.5
399.83,351.35,1.5
399.83,351.35,1.5
399.84,351.35,1.5
399.84,351.36,1.5
399.85,351.35,1.5
399.86,351.35,1.5
399.86,351.36,1.5
399.86,351.37,1.5
399.87,351.38,1.5
399.88,351.38,1.5
399.89,351.37,1.5
399.90,351.37,1.5
399.90,351.37,1.5
399.90,351.37,1.5
399.91,351.36,1.5
399.94,351.35,1.5
399.96,351.33,1.5
399.97,351.31,1.5
399.98,351.31,1.5
399.99,351.31,1.5
400.00,351.30,1.5
400.02,351.29,1.5
400.03,351.29,1.5
400.04,351.29,1.5
400.06,351.29,1.5
400.07,351.29,1.5
400.08,351.28,1.5
400.08,351.28,1.5
400.10,351.28,1.5
400.12,351.28,1.5
400.12,351.28,1.5
400.14,351.28,1.5
400.15,351.27,1.5
400.16,351.27,1.5
400.18,351.27,1.5
400.19,351.27,1.5
400.19,351.26,1.5
400.21,351.26,1.5
400.21,351.26,1.5
400.21,351.26,1.5
400.22,351.27,1.5
400.23,351.28,1.5
400.23,351.28,1.5
400.25,351.28,1.5
400.26,351.28,1.5
400.27,351.27,1.5
400.28,351.27,1.5
400.29,351.27,1.5
400.29,351.27,1.5
400.30,351.27,1.5
400.30,351.27,1.5
400.31,351.27,1.5
400.31,351.27,1.5
400.32,351.28,1.5
400.32,351.28,1.5
400.33,351.29,1.5
400.37,351.33,1.5
400.47,351.38,1.5
400.59,351.43,1.5
400.70,351.47,1.5
400.85,351.49,1.5
401.05,351.49,1.5
401.26,351.50,1.5
401.49,351.55,1.5
401.74,351.65,1.5
402.03,351.77,1.5
402.29,351.87,1.5
402.38,351.90,1.5
402.64,351.98,1.5
402.89,352.05,1.5
403.13,352.11,1.5
403.37,352.17,1.5
403.60,352.24,1.5
403.83,352.31,1.5
404.06,352.38,1.5
404.29,352.46,1.5
404.53,352.53,1.5
404.76,352.61,1.5
404.99,352.69,1.5
405.22,352.77,1.5
405.44,352.84,1.5
405.66,352.92,1.5
405.87,353.00,1.5
406.09,353.07,1.5
406.31,353.14,1.5
406.52,353.22,1.5
406.74,353.31,1.5
406.97,353.40,1.5
407.18,353.48,1.5
407.39,353.57,1.5
407.60,353.65,1.5
407.82,353.74,1.5
408.02,353.82,1.5
408.22,353.90,1.5
408.42,353.98,1.5
408.62,354.07,1.5
408.83,354.17,1.5
408.87,354.18,1.5
409.04,354.20,1.5
409.16,354.10,1.5
409.27,353.95,1.5
409.36,353.79,1.5
409.41,353.62,1.5
409.44,353.41,1.5
409.50,353.18,1.5
409.58,352.93,1.5
409.66,352.66,1.5
409.73,352.42,1.5
409.71,352.22,1.5
409.67,352.05,1.5
409.62,351.88,1.5
409.59,351.68,1.5
409.61,351.47,1.5
409.69,351.26,1.5
409.79,351.07,1.5
409.91,350.90,1.5
410.03,350.77,1.5
410.11,350.74,1.5
410.14,350.72,1.5
410.14,350.70,1.5
410.16,350.63,1.5
410.19,350.50,1.5
410.21,350.32,1.5
410.26,350.08,1.5
410.39,349.84,1.5
410.58,349.61,1.5
410.79,349.38,1.5
411.00,349.16,1.5
411.21,348.94,1.5
411.42,348.72,1.5
411.62,348.51,1.5
411.83,348.30,1.5
412.04,348.09,1.5
412.24,347.89,1.5
412.43,347.68,1.5
412.61,347.46,1.5
412.79,347.24,1.5
412.96,347.02,1.5
413.12,346.79,1.5
413.27,346.56,1.5
413.42,346.32,1.5
413.57,346.08,1.5
413.71,345.84,1.5
413.85,345.60,1.5
413.99,345.36,1.5
414.12,345.11,1.5
414.25,344.86,1.5
414.37,344.59,1.5
414.49,344.33,1.5
414.61,344.07,1.5
414.74,343.82,1.5
414.86,343.55,1.5
414.98,343.30,1.5
415.11,343.05,1.5
415.24,342.80,1.5
415.37,342.56,1.5
415.50,342.31,1.5
415.63,342.06,1.5
415.76,341.82,1.5
415.89,341.57,1.5
416.02,341.32,1.5
416.15,341.07,1.5
416.27,340.81,1.5
416.39,340.55,1.5
416.51,340.30,1.5
416.63,340.04,1.5
416.75,339.78,1.5
416.86,339.53,1.5
416.98,339.29,1.5
417.09,339.05,1.5
417.20,338.81,1.5
417.31,338.58,1.5
417.42,338.35,1.5
417.53,338.11,1.5
417.63,337.88,1.5
417.74,337.65,1.5
417.83,337.42,1.5
417.93,337.20,1.5
418.02,336.98,1.5
418.12,336.77,1.5
418.22,336.56,1.5
418.32,336.36,1.5
418.42,336.15,1.5
418.52,335.93,1.5
418.63,335.72,1.5
418.74,335.51,1.5
418.85,335.31,1.5
418.95,335.10,1.5
419.05,334.88,1.5
419.16,334.67,1.5
419.27,334.47,1.5
419.39,334.27,1.5
419.51,334.08,1.5
419.64,333.89,1.5
419.76,333.71,1.5
419.89,333.52,1.5
420.02,333.33,1.5
420.14,333.12,1.5
420.27,332.92,1.5
420.40,332.72,1.5
420.53,332.51,1.5
420.65,332.29,1.5
420.75,332.05,1.5
420.84,331.80,1.5
420.90,331.55,1.5
420.97,331.29,1.5
421.06,331.05,1.5
421.16,330.82,1.5
421.27,330.59,1.5
421.37,330.36,1.5
421.47,330.13,1.5
421.57,329.90,1.5
421.66,329.66,1.5
421.73,329.43,1.5
421.80,329.19,1.5
421.82,328.95,1.5
421.82,328.70,1.5
421.83,328.46,1.5
421.84,328.23,1.5
421.82,328.01,1.5
421.83,327.79,1.5
421.86,327.58,1.5
421.90,327.36,1.5
421.95,327.15,1.5
422.01,326.93,1.5
422.06,326.72,1.5
422.08,326.51,1.5
422.05,326.29,1.5
422.06,326.06,1.5
422.10,325.86,1.5
422.16,325.66,1.5
422.23,325.44,1.5
422.29,325.23,1.5
422.36,325.02,1.5
422.42,324.82,1.5
422.48,324.61,1.5
422.53,324.40,1.5
422.57,324.18,1.5
422.63,323.98,1.5
422.70,323.80,1.5
422.79,323.63,1.5
422.88,323.46,1.5
422.97,323.28,1.5
423.04,323.11,1.5
423.10,322.93,1.5
423.15,322.74,1.5
423.20,322.53,1.5
423.26,322.32,1.5
423.32,322.12,1.5
423.39,321.92,1.5
423.45,321.74,1.5
423.53,321.55,1.5
423.59,321.37,1.5
423.65,321.19,1.5
423.70,321.02,1.5
423.74,320.84,1.5
423.80,320.66,1.5
423.88,320.48,1.5
423.97,320.29,1.5
424.06,320.08,1.5
424.16,319.87,1.5
424.26,319.67,1.5
424.36,319.46,1.5
424.46,319.24,1.5
424.55,319.02,1.5
424.62,318.81,1.5
424.69,318.60,1.5
424.78,318.39,1.5
424.87,318.20,1.5
424.98,317.97,1.5
425.05,317.77,1.5
425.12,317.57,1.5
425.16,317.37,1.5
425.18,317.17,1.5
425.22,316.97,1.5
425.28,316.77,1.5
425.36,316.57,1.5
425.44,316.37,1.5
425.52,316.17,1.5
425.59,315.96,1.5
425.68,315.75,1.5
425.78,315.55,1.5
425.88,315.34,1.5
425.96,315.11,1.5
426.04,314.90,1.5
426.14,314.76,1.5
426.17,314.62,1.5
426.18,314.45,1.5
426.23,314.26,1.5
426.30,314.05,1.5
426.38,313.84,1.5
426.47,313.63,1.5
426.57,313.44,1.5
426.68,313.24,1.5
426.78,313.04,1.5
426.85,312.82,1.5
426.88,312.58,1.5
426.91,312.33,1.5
426.95,312.09,1.5
426.97,311.86,1.5
427.01,311.63,1.5
427.04,311.40,1.5
427.06,311.17,1.5
427.10,310.94,1.5
427.17,310.73,1.5
427.25,310.52,1.5
427.33,310.31,1.5
427.40,310.09,1.5
427.48,309.87,1.5
427.56,309.66,1.5
427.65,309.45,1.5
427.74,309.24,1.5
427.83,309.03,1.5
427.93,308.82,1.5
428.02,308.60,1.5
428.11,308.38,1.5
428.19,308.16,1.5
428.28,307.94,1.5
428.37,307.70,1.5
428.47,307.46,1.5
428.59,307.22,1.5
428.70,306.98,1.5
428.81,306.74,1.5
428.93,306.51,1.5
429.04,306.28,1.5
429.16,306.05,1.5
429.26,305.81,1.5
429.37,305.57,1.5
429.46,305.33,1.5
429.55,305.09,1.5
429.56,304.89,1.5
429.51,304.69,1.5
429.53,304.46,1.5
429.61,304.23,1.5
429.72,303.99,1.5
429.82,303.75,1.5
429.93,303.50,1.5
430.03,303.26,1.5
430.13,303.01,1.5
430.23,302.77,1.5
430.33,302.52,1.5
430.42,302.26,1.5
430.51,302.00,1.5
430.58,301.73,1.5
430.67,301.47,1.5
430.77,301.22,1.5
430.87,300.98,1.5
430.96,300.73,1.5
431.04,300.50,1.5
431.08,300.36,1.5
431.05,300.36,1.5
431.01,300.35,1.5
430.98,300.27,1.5
430.94,300.11,1.5
430.94,299.90,1.5
430.98,299.67,1.5
431.04,299.44,1.5
431.09,299.21,1.5
431.12,298.97,1.5
431.11,298.84,1.5
431.06,298.99,1.5
431.06,299.13,1.5
431.07,299.17,1.5
431.09,299.18,1.5
431.10,299.20,1.5
431.11,299.21,1.5
431.09,299.19,1.5
431.07,299.10,1.5
431.08,298.97,1.5
431.11,298.82,1.5
431.02,298.67,1.5
430.89,298.47,1.5
430.83,298.27,1.5
430.84,298.08,1.5
430.88,297.90,1.5
430.94,297.71,1.5
431.01,297.50,1.5
431.09,297.27,1.5
431.19,297.05,1.5
431.28,296.82,1.5
431.40,296.59,1.5
431.54,296.36,1.5
431.66,296.12,1.5
431.75,295.86,1.5
431.81,295.60,1.5
431.85,295.36,1.5
431.83,295.14,1.5
431.84,294.92,1.5
431.89,294.70,1.5
431.94,294.49,1.5
432.02,294.27,1.5
432.12,294.06,1.5
432.22,293.83,1.5
432.31,293.60,1.5
432.40,293.36,1.5
432.48,293.10,1.5
432.54,292.84,1.5
432.61,292.59,1.5
432.66,292.40,1.5
432.63,292.24,1.5
432.63,292.07,1.5
432.66,291.91,1.5
432.72,291.73,1.5
432.78,291.56,1.5
432.83,291.40,1.5
432.91,291.26,1.5
433.02,291.14,1.5
433.12,291.00,1.5
433.23,290.87,1.5
433.35,290.72,1.5
433.47,290.59,1.5
433.65,290.59,1.5
433.90,290.61,1.5
434.12,290.53,1.5
434.29,290.37,1.5
434.43,290.18,1.5
434.52,289.96,1.5
434.59,289.71,1.5
434.65,289.45,1.5
434.71,289.19,1.5
434.77,288.93,1.5
434.81,288.67,1.5
434.85,288.41,1.5
434.87,288.16,1.5
434.90,287.90,1.5
434.93,287.66,1.5
434.95,287.40,1.5
434.98,287.15,1.5
435.00,286.90,1.5
435.02,286.65,1.5
435.04,286.40,1.5
435.08,286.16,1.5
435.13,285.92,1.5
435.18,285.69,1.5
435.22,285.45,1.5
435.26,285.22,1.5
435.29,284.99,1.5
435.33,284.76,1.5
435.34,284.52,1.5
435.34,284.29,1.5
435.30,284.08,1.5
435.25,283.90,1.5
435.14,283.80,1.5
435.02,283.70,1.5
434.98,283.58,1.5
435.02,283.44,1.5
435.08,283.28,1.5
435.12,283.10,1.5
435.20,282.91,1.5
435.28,282.70,1.5
435.36,282.48,1.5
435.43,282.27,1.5
435.49,282.08,1.5
435.52,281.91,1.5
435.52,281.75,1.5
435.49,281.62,1.5
435.52,281.49,1.5
435.59,281.36,1.5
435.68,281.23,1.5
435.77,281.11,1.5
435.86,280.99,1.5
435.96,280.88,1.5
436.07,280.74,1.5
436.20,280.60,1.5
436.32,280.46,1.5
436.39,280.32,1.5
436.37,280.19,1.5
436.40,280.08,1.5
436.48,279.97,1.5
436.58,279.86,1.5
436.69,279.76,1.5
436.80,279.67,1.5
436.92,279.56,1.5
437.07,279.43,1.5
437.22,279.32,1.5
437.27,279.21,1.5
437.25,279.09,1.5
437.29,279.01,1.5
437.28,278.94,1.5
437.30,278.87,1.5
437.32,278.80,1.5
437.33,278.73,1.5
437.34,278.70,1.5
437.33,278.69,1.5
437.33,278.66,1.5
437.33,278.62,1.5
437.35,278.58,1.5
437.37,278.53,1.5
437.43,278.47,1.5
437.56,278.43,1.5
437.74,278.42,1.5
437.96,278.41,1.5
438.24,278.37,1.5
438.51,278.29,1.5
438.73,278.15,1.5
438.93,277.99,1.5
439.17,277.86,1.5
439.43,277.77,1.5
439.69,277.70,1.5
439.93,277.63,1.5
440.16,277.56,1.5
440.38,277.49,1.5
440.61,277.42,1.5
440.83,277.35,1.5
441.05,277.29,1.5
441.28,277.24,1.5
441.53,277.19,1.5
441.78,277.12,1.5
442.03,277.08,1.5
442.28,277.05,1.5
442.53,277.03,1.5
442.78,277.01,1.5
443.03,277.00,1.5
443.27,276.99,1.5
443.50,276.97,1.5
443.74,276.94,1.5
443.96,276.92,1.5
444.18,276.90,1.5
444.39,276.88,1.5
444.60,276.86,1.5
444.81,276.86,1.5
445.01,276.86,1.5
445.21,276.88,1.5
445.41,276.91,1.5
445.59,276.97,1.5
445.76,277.03,1.5
445.93,277.10,1.5
446.11,277.15,1.5
446.27,277.21,1.5
446.41,277.27,1.5
446.55,277.28,1.5
446.68,277.26,1.5
446.80,277.24,1.5
446.92,277.22,1.5
447.04,277.19,1.5
447.17,277.16,1.5
447.30,277.13,1.5
447.43,277.10,1.5
447.59,277.08,1.5
447.76,277.09,1.5
447.92,277.08,1.5
448.07,277.08,1.5
448.16,277.10,1.5
448.24,277.10,1.5
448.33,277.09,1.5
448.44,277.09,1.5
448.58,277.09,1.5
448.73,277.10,1.5
448.90,277.09,1.5
449.06,277.14,1.5
449.22,277.15,1.5
449.37,277.10,1.5
449.52,277.01,1.5
449.67,276.88,1.5
449.80,276.69,1.5
449.93,276.47,1.5
450.07,276.28,1.5
450.20,276.09,1.5
450.32,275.89,1.5
450.41,275.69,1.5
450.44,275.49,1.5
450.49,275.29,1.5
450.56,275.10,1.5
450.64,274.92,1.5
450.72,274.74,1.5
450.81,274.55,1.5
450.90,274.36,1.5
450.98,274.17,1.5
451.07,273.97,1.5
451.17,273.77,1.5
451.27,273.59,1.5
451.37,273.41,1.5
451.45,273.23,1.5
451.51,273.04,1.5
451.55,272.85,1.5
451.59,272.67,1.5
451.63,272.48,1.5
451.65,272.28,1.5
451.71,272.07,1.5
451.76,271.87,1.5
451.80,271.70,1.5
451.83,271.57,1.5
451.88,271.46,1.5
451.94,271.37,1.5
452.01,271.28,1.5
452.06,271.17,1.5
452.08,271.01,1.5
452.09,270.83,1.5
452.06,270.68,1.5
452.02,270.58,1.5
452.00,270.52,1.5
451.99,270.51,1.5
452.00,270.51,1.5
452.04,270.49,1.5
452.06,270.46,1.5
452.09,270.40,1.5
452.15,270.29,1.5
452.26,270.13,1.5
452.38,269.98,1.5
452.46,269.84,1.5
452.48,269.68,1.5
452.45,269.45,1.5
452.39,269.22,1.5
452.27,268.97,1.5
452.10,268.75,1.5
451.87,268.60,1.5
451.65,268.46,1.5
451.41,268.40,1.5
451.15,268.29,1.5
450.89,268.15,1.5
450.64,268.01,1.5
450.40,267.93,1.5
450.15,267.90,1.5
449.89,267.84,1.5
449.64,267.76,1.5
449.40,267.74,1.5
