0.04
0.08
0.14
0.18
0.21
0.21
0.17
0.16
0.18
0.45
0.69
0.85
0.94
1.05
1.11
1.15
1.17
1.12
1.13
1.15
1.09
1.06
1.01
0.98
0.98
0.99
1.01
1.04
1.04
1.00
0.99
1.00
1.00
1.02
1.04
1.06
1.02
0.97
0.88
0.86
0.85
0.77
0.74
0.71
0.74
0.71
0.69
0.72
0.72
0.72
0.68
0.72
0.75
0.76
0.80
0.85
0.92
0.94
0.94
1.00
1.03
1.03
1.07
1.09
1.11
1.11
1.14
1.19
1.18
1.19
1.20
1.19
1.18
1.16
1.15
1.14
1.13
1.05
1.13
1.19
1.21
1.22
1.24
1.23
1.22
1.21
1.21
1.19
1.17
1.16
1.16
1.15
1.10
1.07
0.81
0.50
0.59
0.62
0.74
0.98
1.07
1.09
1.05
1.04
1.01
1.11
1.20
1.22
1.16
0.60
0.88
1.07
1.07
0.69
0.89
0.95
1.01
1.02
0.53
0.67
0.82
0.91
0.98
1.09
1.16
1.09
0.95
1.07
1.09
1.09
1.11
1.11
0.96
0.99
1.08
1.12
1.15
1.14
1.14
1.14
1.16
1.16
1.04
0.97
1.07
1.09
1.12
1.13
1.14
1.14
1.14
1.14
1.14
1.14
1.15
1.14
0.79
0.76
0.77
0.29
0.64
0.75
0.50
0.70
0.84
0.99
1.09
1.17
1.20
1.17
1.14
1.14
1.15
1.16
1.19
1.22
1.23
1.17
0.64
0.56
0.73
0.97
1.14
1.14
1.13
1.07
1.00
1.09
1.13
1.05
0.76
0.90
0.94
0.99
0.99
1.09
0.98
0.64
0.75
0.73
0.83
0.47
0.41
0.40
0.66
0.91
1.04
1.19
1.25
1.19
1.15
1.15
0.98
0.67
0.93
1.01
1.08
1.13
1.15
1.13
1.13
1.15
1.13
1.06
1.13
1.15
1.15
1.16
1.16
1.15
1.14
1.16
1.18
1.13
0.99
1.00
1.02
1.04
1.07
1.11
1.13
1.08
0.79
0.90
0.94
0.94
0.94
0.96
0.98
0.99
1.00
0.98
0.97
1.04
1.12
1.16
0.99
0.99
0.99
0.85
0.78
0.82
0.84
0.86
0.89
0.87
0.87
0.87
0.84
0.90
0.92
0.90
0.90
0.90
0.93
0.98
1.01
1.04
1.07
1.05
1.10
1.18
1.19
1.22
1.23
1.18
1.16
1.16
1.00
0.91
0.97
0.49
0.18
0.13
0.33
0.49
0.68
0.96
1.12
1.28
1.33
1.19
0.67
0.74
0.84
0.98
1.06
1.11
1.07
0.96
0.82
0.83
0.95
0.93
1.00
1.10
1.10
1.02
1.05
1.08
1.09
1.07
1.07
1.10
1.07
1.05
0.98
1.03
1.08
1.11
1.11
1.08
1.06
1.08
1.10
1.12
1.09
1.05
1.05
1.04
1.03
1.00
0.99
1.00
1.01
1.04
1.07
1.05
1.03
1.01
1.00
1.00
1.01
1.03
1.03
1.03
1.04
1.01
1.00
1.00
1.02
1.06
1.08
1.07
1.09
1.11
1.11
1.08
1.06
1.04
1.06
1.07
1.06
1.02
0.98
0.96
0.97
1.00
1.00
0.99
0.99
0.97
0.96
0.97
0.98
0.95
0.94
0.91
0.91
0.91
0.91
0.93
0.94
0.90
0.88
0.89
0.90
0.93
0.95
0.93
0.92
0.96
0.99
1.02
1.04
1.03
1.03
1.04
1.03
1.06
1.06
1.00
1.01
1.05
1.04
1.04
1.04
1.04
1.07
1.10
1.08
1.05
1.04
1.05
1.06
1.04
1.03
1.02
1.02
1.03
1.04
1.08
1.07
1.05
1.03
1.04
1.05
1.02
1.01
1.01
0.99
0.96
0.93
0.91
0.70
0.81
0.90
0.94
0.95
0.95
0.95
0.95
0.95
0.89
0.78
0.76
0.77
0.82
0.86
0.87
0.89
0.89
0.91
0.92
0.93
0.91
0.90
0.87
0.84
0.86
0.87
0.87
0.88
0.86
0.85
0.85
0.87
0.89
0.89
0.88
0.89
0.93
0.95
0.94
0.93
0.92
0.93
0.96
0.96
0.91
0.89
0.94
0.95
0.87
0.81
0.81
0.80
0.71
0.67
0.69
0.72
0.74
0.75
0.78
0.81
0.86
0.89
0.80
0.76
0.85
0.91
0.91
0.85
0.81
0.80
0.84
0.88
0.92
0.96
0.94
0.93
