0.66
0.65
0.65
0.65
0.67
0.68
0.69
0.70
0.71
0.70
0.71
0.72
0.72
0.72
0.72
0.72
0.73
0.73
0.15
0.73
0.73
0.73
0.73
0.29
0.15
0.47
0.63
0.71
0.73
0.74
0.75
0.76
0.78
0.79
0.78
0.77
0.77
0.77
0.77
0.77
0.76
0.75
0.75
0.75
0.75
0.74
0.74
0.73
0.73
0.72
0.72
0.72
0.72
0.73
0.73
0.73
0.72
0.72
0.72
0.72
0.73
0.74
0.74
0.74
0.75
0.76
0.76
0.76
0.77
0.78
0.78
0.79
0.78
0.78
0.78
0.78
0.78
0.78
0.78
0.78
0.78
0.78
0.78
0.78
0.78
0.78
0.78
0.78
0.79
0.79
0.79
0.79
0.79
0.79
0.79
0.79
0.79
0.79
0.79
0.79
0.79
0.79
0.78
0.75
0.72
0.69
0.67
0.65
0.63
0.62
0.60
0.59
0.59
0.59
0.61
0.64
0.65
0.66
0.66
0.67
0.66
0.66
0.69
0.70
0.69
0.68
0.68
0.68
0.67
0.65
0.67
0.68
0.67
0.68
0.73
0.74
0.74
0.80
0.82
0.81
0.76
0.78
0.78
0.78
0.47
0.48
0.38
0.60
0.80
0.79
0.61
0.05
0.16
0.15
0.59
0.83
0.87
0.86
0.80
0.75
0.75
0.75
0.72
0.70
0.70
0.73
0.74
0.75
0.76
0.77
0.78
0.77
0.78
0.79
0.78
0.78
0.78
0.78
0.78
0.77
0.76
0.75
0.75
0.74
0.74
0.74
0.74
0.74
0.74
0.73
0.73
0.73
0.73
0.72
0.73
0.73
0.73
0.72
0.71
0.71
0.72
0.73
0.73
0.73
0.74
0.76
0.77
0.78
0.78
0.77
0.77
0.77
0.78
0.79
0.79
0.79
0.79
0.79
0.79
0.78
0.78
0.78
0.78
0.78
0.78
0.78
0.78
0.78
0.78
0.78
0.78
0.78
0.78
0.78
0.78
0.78
0.78
0.78
0.78
0.78
0.78
0.78
0.78
0.78
0.78
0.78
0.78
0.78
0.78
0.78
0.78
0.78
0.78
0.78
0.78
0.78
0.78
0.78
0.78
0.78
0.78
0.78
0.78
0.78
0.78
0.78
0.78
0.78
0.78
0.78
0.78
0.78
0.78
0.78
0.78
0.78
0.78
0.78
0.78
0.78
0.78
0.78
0.78
0.78
0.78
0.78
0.78
0.78
0.78
0.78
0.78
0.78
0.78
0.78
0.78
0.78
0.78
0.78
0.78
0.78
0.78
0.78
0.78
0.78
0.78
0.78
0.78
0.78
0.78
0.78
0.78
0.78
0.78
0.78
0.78
0.78
0.78
0.78
0.78
0.78
0.78
0.78
0.78
0.78
0.78
0.78
0.78
0.78
0.78
0.94
0.78
0.78
0.78
0.78
0.78
0.78
0.78
0.78
0.79
0.80
0.79
0.79
0.78
0.78
0.78
0.78
0.78
0.78
0.78
0.78
0.78
0.78
0.78
0.78
0.78
0.78
0.78
0.78
0.78
0.78
0.78
0.78
0.78
0.78
0.78
0.78
0.78
0.78
0.78
0.78
0.78
0.79
0.80
0.80
0.79
0.79
0.78
0.78
0.78
0.79
0.80
0.80
0.79
0.79
0.78
0.79
0.80
0.80
0.79
0.80
0.80
0.81
0.80
0.79
0.79
0.79
0.79
0.79
0.79
0.81
0.84
0.88
0.90
0.91
0.90
0.89
0.89
0.87
0.87
0.86
0.78
0.52
0.66
0.69
0.71
0.72
0.72
0.72
0.73
0.75
0.75
0.76
0.78
0.79
0.80
0.80
0.79
0.77
0.76
0.76
0.76
0.75
0.74
0.74
0.74
0.74
0.74
0.73
0.73
0.73
0.73
0.73
0.73
0.74
0.78
0.81
0.80
0.80
0.79
0.78
0.78
0.78
0.78
0.78
0.78
0.78
0.78
0.78
0.78
0.77
0.77
0.78
0.78
0.78
0.78
0.78
0.78
0.78
0.78
0.78
0.78
0.80
0.81
0.80
0.76
0.78
0.77
0.69
0.62
0.63
0.70
0.77
0.76
0.76
0.77
0.81
0.83
0.82
0.80
0.79
0.79
0.79
0.80
0.81
0.80
0.79
0.80
0.81
0.80
0.79
0.80
0.80
0.74
0.73
0.80
0.77
0.77
0.80
0.79
0.79
0.79
0.80
0.74
0.67
0.80
0.80
0.79
0.80
0.79
0.80
0.80
0.79
0.79
0.79
0.79
0.78
0.81
0.80
0.77
0.80
0.81
0.82
0.77
0.72
0.79
0.79
0.80
0.80
0.80
0.79
0.79
0.78
0.78
0.78
0.78
0.78
0.78
0.78
0.78
0.78
0.78
0.78
0.78
0.78
0.78
0.78
0.78
0.79
0.82
0.84
0.78
0.50
0.63
0.73
0.76
0.79
0.79
0.76
0.64
0.72
0.77
0.78
0.79
0.73
0.68
0.73
0.69
0.26
0.51
0.50
0.49
0.56
0.63
0.68
0.75
0.77
0.72
0.70
0.73
0.75
0.74
0.72
0.72
0.72
0.74
0.75
0.73
0.71
0.72
0.72
0.69
0.68
0.68
0.68
0.70
0.72
0.71
0.71
0.74
0.78
0.80
0.86
0.87
0.84
0.75
0.70
0.66
0.63
0.64
0.66
0.66
0.68
0.70
0.73
0.73
0.74
0.73
0.74
0.77
0.77
0.74
0.73
0.71
0.69
0.68
0.68
0.68
0.69
0.67
0.66
0.66
0.67
0.67
0.66
0.68
0.68
0.65
0.62
0.58
0.58
0.54
0.47
0.41
0.41
0.44
0.48
0.45
0.44
0.45
0.49
0.54
0.59
0.63
0.64
0.66
0.68
0.67
0.65
0.70
0.74
0.74
0.78
0.87
0.93
0.69
0.15
0.02
0.05
0.12
0.18
0.23
0.34
0.40
0.36
0.48
0.53
0.50
0.57
0.62
0.63
0.69
0.72
0.72
0.68
0.69
0.72
0.77
0.81
0.82
0.83
0.82
