0.05
0.03
0.03
0.05
0.06
0.03
0.05
0.06
0.11
0.24
0.35
0.54
0.71
0.63
0.50
0.23
0.04
0.21
0.41
0.52
0.54
0.57
0.64
0.58
0.50
0.59
0.28
0.62
0.65
0.67
0.69
0.75
0.84
0.85
0.82
0.84
0.89
0.87
0.84
0.87
0.90
0.89
0.88
0.90
0.92
0.95
0.98
0.96
0.92
0.94
0.96
0.90
0.84
0.83
0.83
0.87
0.89
0.91
0.89
0.70
0.91
0.85
0.82
0.71
0.51
0.43
0.43
0.54
0.70
0.61
0.50
0.50
0.71
0.70
0.62
0.61
0.34
0.66
0.82
0.62
0.56
0.70
0.74
0.71
0.66
0.63
0.63
0.75
0.84
0.86
0.85
0.78
0.74
0.73
0.74
0.77
0.79
0.77
0.67
0.41
0.28
0.36
0.51
0.72
0.84
0.81
0.77
0.76
0.76
0.84
0.90
0.95
0.99
1.02
1.02
1.02
1.01
0.99
0.97
0.96
0.95
0.94
0.94
0.95
0.97
1.00
1.04
1.02
0.97
1.02
1.02
1.00
1.00
0.99
0.99
0.98
0.98
0.99
1.01
1.00
1.01
0.99
0.97
0.97
0.97
0.98
0.98
0.99
0.99
1.00
1.00
1.00
0.99
1.00
1.00
1.01
1.03
1.04
1.06
1.07
1.07
1.08
1.08
1.08
1.09
1.09
1.08
1.08
1.08
1.08
1.08
1.08
1.08
1.08
1.08
1.08
1.08
1.08
1.08
1.08
1.08
1.08
1.08
1.08
1.08
1.08
1.08
1.08
1.07
1.07
1.06
1.06
1.05
1.05
1.04
1.04
1.03
1.03
1.02
1.02
1.02
1.02
1.03
1.04
1.06
1.07
1.06
1.06
1.06
1.05
1.04
1.03
1.01
1.00
1.01
1.05
1.05
1.02
1.00
1.02
1.27
1.07
1.09
1.11
1.10
1.07
1.05
1.04
1.03
1.03
1.03
1.03
1.03
1.04
1.04
1.05
1.05
1.04
1.04
1.03
1.03
1.03
1.03
1.03
1.04
1.04
1.04
1.04
1.04
1.04
1.04
1.03
1.03
1.03
1.03
1.03
1.03
1.03
1.03
1.02
1.02
1.03
1.03
1.04
1.04
1.05
1.05
1.03
1.02
1.03
1.04
1.03
1.03
1.03
1.04
1.03
1.03
1.03
1.03
1.04
1.04
1.04
1.04
1.04
1.05
1.06
1.07
1.06
1.06
1.07
1.08
1.08
1.08
1.08
1.08
1.08
1.08
1.08
1.08
1.08
1.08
1.08
1.08
1.08
1.08
1.08
1.08
1.08
1.08
1.08
1.08
1.08
1.08
1.08
1.08
1.08
1.08
1.08
1.08
1.08
1.08
1.08
1.08
1.08
1.08
1.08
1.08
1.08
1.08
1.08
1.08
1.08
1.08
1.08
1.08
1.08
1.08
1.08
1.08
1.08
1.08
1.08
1.08
1.08
1.08
1.08
1.08
1.08
1.08
1.08
1.08
1.08
1.08
1.08
1.08
1.08
1.08
1.08
1.08
1.08
1.08
1.08
1.08
1.08
1.08
1.08
1.08
1.08
1.08
1.08
1.08
1.08
1.08
1.08
1.08
1.08
1.08
1.08
1.08
1.08
1.08
1.08
1.08
1.08
1.08
1.08
1.08
1.08
1.08
1.08
1.08
1.08
1.08
1.08
1.08
1.08
1.08
1.08
1.08
1.08
1.08
1.08
1.08
1.08
1.08
1.08
1.08
1.08
1.08
1.08
1.08
1.08
1.08
1.08
1.08
1.08
1.08
1.08
1.08
1.08
1.08
1.08
1.08
1.08
1.08
1.08
1.07
1.07
1.07
1.07
1.07
1.07
1.07
1.07
1.08
1.08
1.08
1.08
1.08
1.08
1.08
1.08
1.08
1.08
1.08
1.08
1.08
1.08
1.08
1.08
1.08
1.08
1.08
1.08
1.06
1.05
1.04
1.03
1.02
1.01
1.01
1.00
1.00
1.00
1.00
1.01
1.00
0.99
1.00
1.01
1.02
1.03
0.62
0.95
0.94
0.98
1.02
1.05
1.06
1.05
1.04
1.04
1.04
1.04
1.05
1.06
1.06
1.07
1.07
1.07
1.07
1.08
1.08
1.08
1.07
1.08
1.08
1.08
1.07
1.07
1.08
1.08
1.08
1.08
1.08
1.08
1.08
1.08
1.08
1.08
1.08
1.08
1.08
1.08
1.08
1.08
1.08
1.08
1.08
1.08
1.08
1.08
1.08
1.07
1.07
1.07
1.06
1.04
1.05
1.06
1.07
1.07
1.07
1.08
1.08
1.08
1.09
1.09
1.09
1.10
1.09
1.07
1.08
1.09
1.10
1.10
1.10
1.11
1.11
1.12
1.09
1.06
1.09
1.07
1.05
1.09
1.09
1.05
1.05
1.09
1.09
1.06
1.06
1.06
1.07
1.07
1.07
1.07
1.08
1.08
1.08
1.08
0.22
0.92
0.89
0.96
1.01
1.04
1.06
1.08
1.09
1.08
1.07
1.07
1.08
1.07
1.07
1.07
1.08
1.07
1.07
1.08
1.08
1.08
1.08
1.08
1.08
1.08
1.08
1.08
1.08
1.08
1.08
1.08
1.08
1.08
1.08
1.08
1.08
1.08
1.08
1.08
1.08
1.08
1.08
1.08
1.08
1.08
1.08
1.08
1.08
1.09
1.09
1.10
1.10
1.11
1.12
1.13
1.13
1.13
1.13
1.14
1.14
1.14
1.13
1.13
1.12
1.12
1.11
1.10
1.09
1.09
1.06
1.04
1.03
1.02
1.02
1.01
1.01
1.01
1.01
1.01
1.01
1.03
1.05
1.07
1.07
1.08
1.08
1.08
1.08
1.08
1.08
1.08
1.08
1.08
1.08
1.08
1.08
1.08
1.08
1.08
1.08
1.08
1.08
1.08
1.08
1.08
1.08
1.08
1.08
1.08
1.08
1.08
1.08
1.08
1.08
1.08
1.08
1.08
1.08
1.08
1.08
1.08
1.08
1.08
1.08
1.08
1.08
1.08
1.08
