1.05
1.05
1.04
1.04
1.04
1.04
1.04
1.04
1.04
1.04
1.04
1.04
1.04
1.04
1.04
1.04
1.04
1.04
1.04
1.04
1.04
1.04
1.04
1.04
1.04
1.04
1.04
1.04
1.04
1.04
1.04
1.04
1.04
1.04
1.04
1.04
1.04
1.04
1.04
1.04
1.04
1.04
1.04
1.04
1.04
1.04
1.04
1.04
1.04
1.04
1.04
1.04
1.04
1.03
1.02
1.01
1.01
1.00
1.00
1.00
1.00
1.01
1.01
1.01
1.01
1.01
1.02
1.03
1.03
1.03
1.03
1.04
1.05
1.05
1.06
1.05
1.05
1.04
1.02
1.01
1.00
0.99
0.99
1.00
1.00
1.00
1.00
1.00
1.01
1.01
1.02
1.02
1.03
0.98
0.96
0.95
0.94
0.92
0.89
0.87
0.87
0.86
0.84
0.79
0.71
0.64
0.62
0.61
0.59
0.61
0.68
0.74
0.76
0.79
0.85
0.91
0.98
1.03
1.02
1.01
1.02
1.03
1.03
1.02
1.02
1.02
1.03
1.03
1.04
1.04
1.04
1.05
1.04
1.04
1.05
1.05
1.05
1.05
1.04
1.04
1.04
1.04
1.04
1.04
1.04
1.04
1.04
1.04
1.03
0.83
0.67
0.81
0.89
0.94
0.99
1.03
1.03
1.02
1.04
1.05
1.05
1.05
1.06
1.05
0.97
0.49
0.01
0.17
0.40
0.63
0.83
0.95
0.96
0.83
0.95
1.05
1.06
1.09
1.17
1.18
1.16
1.14
1.14
1.13
1.13
1.12
1.10
1.10
1.10
1.09
1.09
1.09
1.09
1.09
1.09
1.09
1.09
1.08
1.08
1.07
1.06
1.06
1.05
1.04
1.02
1.00
0.99
0.99
0.98
0.98
0.98
0.98
0.98
0.98
0.98
0.98
0.98
1.00
1.03
1.07
1.06
1.03
1.03
0.98
0.98
1.04
1.08
1.07
1.00
1.01
0.99
0.44
0.13
0.13
0.37
0.54
0.65
0.77
0.88
0.93
0.90
0.88
0.88
0.89
0.94
0.96
0.94
0.93
0.96
0.99
1.02
1.03
1.04
1.05
1.01
0.99
1.00
1.01
0.20
1.02
1.01
1.00
1.01
1.01
1.02
1.04
1.04
1.05
1.05
1.05
1.06
1.05
1.05
1.04
1.04
1.04
1.04
1.04
1.04
1.04
1.04
1.04
1.04
1.04
1.04
1.04
1.04
1.04
1.04
1.04
1.04
1.04
1.04
1.04
1.04
1.04
1.04
1.04
1.04
1.04
1.04
1.01
0.97
0.92
0.91
0.91
0.90
0.88
0.87
0.87
0.87
0.86
0.85
0.85
0.85
0.86
0.83
0.82
0.84
0.88
0.95
0.99
0.98
0.95
0.94
0.92
0.92
0.91
0.89
0.87
0.87
0.87
0.88
0.90
0.89
0.89
0.92
0.93
0.94
0.95
0.92
0.92
0.93
0.94
0.97
0.98
0.99
0.99
0.97
0.95
0.95
0.95
0.96
0.96
0.97
0.96
0.95
0.94
0.93
0.92
0.93
0.94
0.93
0.92
0.90
0.89
0.89
0.88
0.90
0.87
0.75
0.58
0.42
0.09
0.03
0.03
0.06
0.05
0.03
0.07
0.05
0.05
0.02
0.02
0.06
0.03
0.02
0.03
0.02
0.01
0.04
0.03
0.06
0.02
0.06
0.07
0.07
0.02
0.10
0.07
0.06
0.06
0.01
0.09
0.01
0.10
0.05
0.05
0.06
0.07
0.08
0.09
0.13
0.18
0.22
0.24
0.22
0.20
0.18
0.15
0.12
0.10
0.07
0.05
0.03
0.02
0.02
0.01
0.02
0.01
0.01
0.02
0.01
0.02
0.02
0.01
0.02
0.02
0.01
0.01
0.02
0.01
0.04
0.02
0.02
0.01
0.01
0.01
0.01
0.02
0.02
0.01
0.02
0.01
0.02
0.04
0.08
0.03
0.05
0.13
0.07
0.02
0.15
0.10
0.03
0.10
0.09
0.04
0.02
0.01
0.11
0.05
0.01
0.02
0.09
0.09
0.05
0.02
0.02
0.08
0.04
0.02
0.07
0.04
0.01
0.10
0.03
0.06
0.04
0.05
0.09
0.04
0.02
0.04
0.05
0.05
0.04
0.02
0.12
0.06
0.05
0.11
0.06
0.07
0.01
0.08
0.09
0.03
0.08
0.07
0.05
0.10
0.04
0.08
0.05
0.05
0.04
0.01
0.08
0.06
0.02
