0.79
0.81
0.82
0.85
0.89
0.92
0.94
0.94
0.94
0.95
0.96
0.94
0.93
0.94
0.96
0.97
0.98
0.98
0.98
0.97
0.87
0.82
0.83
0.86
0.92
0.94
0.91
0.94
1.03
1.05
0.83
0.46
0.51
0.62
0.80
0.91
0.96
1.00
1.02
0.98
0.97
0.97
0.99
0.99
1.01
1.04
1.07
1.06
1.07
1.06
1.04
1.00
0.98
0.99
0.99
0.99
0.98
0.99
0.99
1.00
1.00
1.02
1.04
1.03
1.03
1.04
1.02
0.99
0.98
0.97
0.94
0.91
0.95
0.94
0.91
0.89
0.88
0.88
0.87
0.86
0.84
0.81
0.81
0.80
0.81
0.83
0.88
0.89
0.89
0.89
0.89
0.94
0.94
0.92
0.91
0.88
0.86
0.87
0.88
0.87
0.87
0.87
0.87
0.86
0.85
0.84
0.84
0.85
0.85
0.86
0.87
0.86
0.85
0.86
0.87
0.88
0.89
0.87
0.86
0.86
0.88
0.90
0.91
0.91
0.91
0.92
0.94
0.95
0.96
0.95
0.95
0.94
0.94
0.94
0.94
0.94
0.94
0.94
0.94
0.94
0.94
0.94
0.94
0.94
0.93
0.91
0.91
0.90
0.89
0.89
0.90
0.91
0.92
0.93
0.94
0.94
0.94
0.94
0.94
0.94
0.94
0.94
0.94
0.94
0.93
0.93
0.92
0.91
0.89
0.88
0.86
0.85
0.85
0.86
0.87
0.88
0.92
0.94
0.93
0.93
0.95
0.94
0.93
0.92
0.92
0.92
0.92
0.92
0.92
0.92
0.92
0.92
0.92
0.92
0.93
0.93
0.93
0.93
0.94
0.94
0.94
0.94
0.94
0.94
0.93
0.94
0.94
0.94
0.94
0.94
0.94
0.94
0.94
0.94
0.94
0.94
0.92
0.95
0.98
0.98
0.96
0.97
0.98
0.96
0.93
0.96
0.99
0.98
0.96
0.96
0.98
0.91
0.29
0.45
0.39
0.49
0.67
0.82
0.92
0.94
1.02
1.06
1.06
1.05
1.03
1.03
1.03
1.02
1.01
1.01
1.02
1.00
0.93
0.83
0.16
0.17
0.39
0.46
0.47
0.57
0.69
0.77
0.83
0.83
0.77
0.63
0.40
0.20
0.05
0.06
0.09
0.13
0.23
0.34
0.27
0.30
0.23
0.33
0.54
0.71
0.80
0.71
0.61
0.66
0.73
0.85
0.95
0.90
0.87
0.85
0.86
0.95
1.01
0.96
0.93
0.95
0.95
0.93
0.93
0.94
0.94
0.92
0.92
0.94
0.97
0.98
0.95
0.94
0.95
0.96
0.95
0.97
0.99
1.01
1.01
1.00
0.99
0.98
0.96
0.95
0.96
0.99
0.99
1.00
1.00
0.99
0.98
0.99
1.00
1.01
1.01
0.99
0.98
0.96
0.95
0.93
0.84
0.77
0.79
0.85
0.89
0.91
0.93
0.93
0.94
0.95
0.95
0.94
0.94
0.93
0.93
0.95
0.97
0.98
0.97
0.96
0.95
0.94
0.94
0.94
0.96
0.96
0.89
0.89
0.95
0.96
0.96
0.97
0.96
0.90
0.83
0.70
0.71
0.32
0.35
0.24
0.21
0.56
0.79
0.83
0.85
0.91
0.94
0.93
0.91
0.92
0.92
0.93
0.93
0.93
0.92
0.91
0.90
0.91
0.92
0.92
0.93
0.93
0.94
0.94
0.94
0.93
0.93
0.94
0.96
0.97
0.98
0.98
0.97
0.96
0.95
0.96
0.95
0.95
0.99
1.02
1.00
0.87
0.78
0.84
0.80
0.90
0.94
0.96
0.99
0.99
1.00
1.01
1.00
0.99
0.98
0.96
0.95
0.94
0.95
0.96
0.97
0.99
1.01
1.00
0.98
0.96
1.00
0.99
0.95
0.94
0.97
0.97
0.97
0.99
0.98
0.97
0.96
0.96
0.96
0.90
0.94
0.95
0.92
0.92
0.92
0.93
0.93
0.93
0.93
0.94
0.95
0.97
0.98
0.99
0.99
0.99
0.98
1.00
1.01
1.02
1.00
0.98
0.94
0.89
0.86
0.86
0.88
0.90
0.93
0.94
0.94
0.95
0.99
1.00
1.04
1.05
1.05
1.05
1.05
1.05
1.05
1.05
1.04
1.03
1.01
0.99
0.95
0.90
0.87
0.87
0.87
0.87
0.85
0.86
0.87
0.88
0.88
0.88
0.88
0.88
0.90
0.93
0.93
0.93
0.92
