418.96,334.86,1.5
419.08,334.70,1.5
419.19,334.53,1.5
419.31,334.35,1.5
419.42,334.16,1.5
419.54,333.96,1.5
419.67,333.76,1.5
419.79,333.57,1.5
419.92,333.37,1.5
420.04,333.16,1.5
420.15,332.94,1.5
420.25,332.73,1.5
420.33,332.52,1.5
420.43,332.30,1.5
420.54,332.09,1.5
420.65,331.87,1.5
420.76,331.65,1.5
420.87,331.43,1.5
420.96,331.21,1.5
421.03,330.97,1.5
421.06,330.76,1.5
421.04,330.55,1.5
421.06,330.35,1.5
421.13,330.14,1.5
421.21,329.93,1.5
421.30,329.71,1.5
421.37,329.50,1.5
421.41,329.26,1.5
421.48,329.01,1.5
421.56,328.77,1.5
421.61,328.56,1.5
421.54,328.48,1.5
421.48,328.36,1.5
421.52,328.21,1.5
421.63,328.04,1.5
421.76,327.86,1.5
421.89,327.66,1.5
422.02,327.45,1.5
422.15,327.23,1.5
422.26,327.01,1.5
422.35,326.78,1.5
422.43,326.55,1.5
422.50,326.32,1.5
422.57,326.08,1.5
422.64,325.84,1.5
422.69,325.58,1.5
422.74,325.32,1.5
422.78,325.06,1.5
422.79,324.79,1.5
422.80,324.53,1.5
422.82,324.27,1.5
422.87,324.02,1.5
422.92,323.78,1.5
422.98,323.54,1.5
423.03,323.30,1.5
423.09,323.06,1.5
423.15,322.82,1.5
423.21,322.58,1.5
423.26,322.34,1.5
423.32,322.09,1.5
423.37,321.85,1.5
423.43,321.60,1.5
423.47,321.35,1.5
423.51,321.09,1.5
423.56,320.84,1.5
423.59,320.58,1.5
423.62,320.32,1.5
423.66,320.08,1.5
423.68,319.84,1.5
423.69,319.60,1.5
423.69,319.36,1.5
423.66,319.13,1.5
423.62,318.90,1.5
423.62,318.66,1.5
423.65,318.44,1.5
423.70,318.22,1.5
423.77,318.01,1.5
423.83,317.80,1.5
423.90,317.59,1.5
423.97,317.39,1.5
424.04,317.19,1.5
424.11,317.00,1.5
424.17,316.81,1.5
424.23,316.62,1.5
424.29,316.42,1.5
424.35,316.23,1.5
424.42,316.02,1.5
424.49,315.80,1.5
424.56,315.59,1.5
424.63,315.38,1.5
424.69,315.17,1.5
424.74,314.94,1.5
424.78,314.71,1.5
424.81,314.48,1.5
424.85,314.25,1.5
424.89,314.04,1.5
424.92,313.82,1.5
424.97,313.61,1.5
425.01,313.40,1.5
425.06,313.18,1.5
425.11,312.97,1.5
425.17,312.76,1.5
425.22,312.55,1.5
425.27,312.34,1.5
425.32,312.13,1.5
425.38,311.93,1.5
425.43,311.73,1.5
425.48,311.52,1.5
425.53,311.31,1.5
425.58,311.10,1.5
425.65,310.89,1.5
425.71,310.69,1.5
425.77,310.48,1.5
425.83,310.28,1.5
425.89,310.07,1.5
425.94,309.86,1.5
425.99,309.64,1.5
426.05,309.43,1.5
426.11,309.22,1.5
426.17,309.02,1.5
426.24,308.81,1.5
426.31,308.60,1.5
426.38,308.38,1.5
426.45,308.16,1.5
426.52,307.94,1.5
426.58,307.72,1.5
426.65,307.50,1.5
426.71,307.27,1.5
426.77,307.03,1.5
426.84,306.81,1.5
426.91,306.58,1.5
426.99,306.36,1.5
427.06,306.14,1.5
427.14,305.91,1.5
427.22,305.69,1.5
427.30,305.47,1.5
427.37,305.25,1.5
427.45,305.03,1.5
427.53,304.81,1.5
427.61,304.59,1.5
427.68,304.36,1.5
427.76,304.14,1.5
427.84,303.92,1.5
427.92,303.70,1.5
427.99,303.48,1.5
428.05,303.26,1.5
428.11,303.04,1.5
428.17,302.83,1.5
428.24,302.61,1.5
428.30,302.40,1.5
428.36,302.18,1.5
428.43,301.96,1.5
428.50,301.75,1.5
428.58,301.53,1.5
428.66,301.31,1.5
428.74,301.08,1.5
428.81,300.86,1.5
428.89,300.64,1.5
428.97,300.42,1.5
429.05,300.20,1.5
429.12,299.98,1.5
429.20,299.76,1.5
429.28,299.54,1.5
429.36,299.32,1.5
429.43,299.09,1.5
429.51,298.87,1.5
429.56,298.65,1.5
429.61,298.43,1.5
429.65,298.21,1.5
429.70,297.99,1.5
429.74,297.78,1.5
429.80,297.58,1.5
429.86,297.37,1.5
429.92,297.17,1.5
429.99,296.96,1.5
430.06,296.75,1.5
430.11,296.53,1.5
430.15,296.30,1.5
430.18,296.07,1.5
430.24,295.84,1.5
430.31,295.62,1.5
430.38,295.39,1.5
430.44,295.17,1.5
430.51,294.95,1.5
430.57,294.72,1.5
430.63,294.50,1.5
430.69,294.28,1.5
430.75,294.06,1.5
430.81,293.84,1.5
430.87,293.62,1.5
430.93,293.40,1.5
430.99,293.17,1.5
431.05,292.95,1.5
431.11,292.73,1.5
431.18,292.51,1.5
431.24,292.28,1.5
431.30,292.06,1.5
431.37,291.83,1.5
431.43,291.61,1.5
431.50,291.38,1.5
431.56,291.16,1.5
431.63,290.94,1.5
431.70,290.71,1.5
431.77,290.49,1.5
431.85,290.27,1.5
431.92,290.05,1.5
432.00,289.83,1.5
432.09,289.61,1.5
432.17,289.39,1.5
432.26,289.17,1.5
432.35,288.96,1.5
432.44,288.74,1.5
432.53,288.52,1.5
432.62,288.31,1.5
432.70,288.09,1.5
432.77,287.86,1.5
432.84,287.64,1.5
432.95,287.43,1.5
433.05,287.21,1.5
433.14,286.98,1.5
433.23,286.76,1.5
433.30,286.53,1.5
433.37,286.29,1.5
433.42,286.06,1.5
433.51,285.84,1.5
433.61,285.62,1.5
433.73,285.41,1.5
433.84,285.19,1.5
433.94,284.97,1.5
434.03,284.74,1.5
434.10,284.51,1.5
434.15,284.29,1.5
434.12,284.22,1.5
434.01,284.26,1.5
433.92,284.22,1.5
433.88,284.10,1.5
433.86,283.94,1.5
433.88,283.73,1.5
433.90,283.50,1.5
433.97,283.28,1.5
434.08,283.05,1.5
434.19,282.81,1.5
434.31,282.57,1.5
434.42,282.33,1.5
434.53,282.10,1.5
434.67,281.89,1.5
434.82,281.68,1.5
434.96,281.46,1.5
435.10,281.25,1.5
435.22,281.03,1.5
435.33,280.80,1.5
435.42,280.56,1.5
435.52,280.36,1.5
435.65,280.20,1.5
435.68,280.17,1.5
435.64,280.18,1.5
435.57,280.11,1.5
435.51,280.02,1.5
435.47,279.91,1.5
435.46,279.77,1.5
435.48,279.60,1.5
435.52,279.41,1.5
435.58,279.21,1.5
435.63,279.01,1.5
435.67,278.82,1.5
435.67,278.66,1.5
435.65,278.56,1.5
435.62,278.52,1.5
435.62,278.51,1.5
435.62,278.53,1.5
435.62,278.55,1.5
435.64,278.56,1.5
435.70,278.58,1.5
435.78,278.58,1.5
435.85,278.58,1.5
435.92,278.59,1.5
435.98,278.59,1.5
436.05,278.54,1.5
436.16,278.46,1.5
436.29,278.35,1.5
436.45,278.23,1.5
436.59,278.11,1.5
436.68,277.99,1.5
436.78,277.86,1.5
436.91,277.73,1.5
437.05,277.58,1.5
437.23,277.41,1.5
437.40,277.27,1.5
437.58,277.14,1.5
437.77,277.05,1.5
437.98,276.99,1.5
438.21,276.93,1.5
438.45,276.88,1.5
438.69,276.86,1.5
438.93,276.85,1.5
439.16,276.84,1.5
439.40,276.84,1.5
439.63,276.85,1.5
439.86,276.86,1.5
440.10,276.86,1.5
440.33,276.86,1.5
440.56,276.87,1.5
440.79,276.89,1.5
441.03,276.90,1.5
441.27,276.90,1.5
441.51,276.88,1.5
441.75,276.88,1.5
441.99,276.89,1.5
442.23,276.89,1.5
442.47,276.90,1.5
442.71,276.90,1.5
442.95,276.91,1.5
443.20,276.91,1.5
443.45,276.89,1.5
443.70,276.88,1.5
443.95,276.86,1.5
444.20,276.84,1.5
444.44,276.84,1.5
444.68,276.85,1.5
444.92,276.87,1.5
445.16,276.89,1.5
445.41,276.90,1.5
445.65,276.91,1.5
445.91,276.93,1.5
446.16,276.94,1.5
446.40,276.96,1.5
446.65,276.98,1.5
446.89,276.99,1.5
447.14,277.00,1.5
447.40,277.00,1.5
447.65,277.00,1.5
447.89,277.00,1.5
448.14,277.01,1.5
448.38,277.03,1.5
448.61,277.06,1.5
448.84,277.10,1.5
449.05,277.13,1.5
449.24,277.14,1.5
449.43,277.07,1.5
449.61,276.96,1.5
449.78,276.81,1.5
449.93,276.65,1.5
450.08,276.47,1.5
450.22,276.28,1.5
450.35,276.09,1.5
450.47,275.88,1.5
450.58,275.67,1.5
450.69,275.46,1.5
450.79,275.25,1.5
450.88,275.03,1.5
450.97,274.82,1.5
451.05,274.60,1.5
451.13,274.36,1.5
451.19,274.13,1.5
451.25,273.89,1.5
451.32,273.66,1.5
451.39,273.44,1.5
451.46,273.21,1.5
451.53,272.99,1.5
451.59,272.76,1.5
451.64,272.53,1.5
451.69,272.29,1.5
451.70,272.07,1.5
451.63,271.86,1.5
451.58,271.63,1.5
451.57,271.39,1.5
451.59,271.15,1.5
451.62,270.91,1.5
451.66,270.67,1.5
451.66,270.45,1.5
451.63,270.24,1.5
451.70,270.08,1.5
451.77,269.92,1.5
451.74,269.84,1.5
451.81,269.79,1.5
451.83,269.73,1.5
451.84,269.68,1.5
451.84,269.54,1.5
451.77,269.35,1.5
451.67,269.17,1.5
451.54,269.00,1.5
451.39,268.83,1.5
451.23,268.66,1.5
451.06,268.50,1.5
450.89,268.35,1.5
450.71,268.21,1.5
450.53,268.07,1.5
450.33,267.94,1.5
450.14,267.82,1.5
449.94,267.70,1.5
449.75,267.57,1.5
449.55,267.45,1.5
449.37,267.33,1.5
449.18,267.20,1.5
448.99,267.08,1.5
448.79,266.95,1.5
448.60,266.82,1.5
448.41,266.69,1.5
448.21,266.56,1.5
448.02,266.43,1.5
447.82,266.30,1.5
447.63,266.17,1.5
447.43,266.04,1.5
447.23,265.91,1.5
447.03,265.79,1.5
446.82,265.67,1.5
446.61,265.55,1.5
446.38,265.44,1.5
446.17,265.33,1.5
445.96,265.21,1.5
445.76,265.09,1.5
445.55,264.97,1.5
445.35,264.85,1.5
445.15,264.72,1.5
444.93,264.60,1.5
444.70,264.50,1.5
444.46,264.41,1.5
444.26,264.33,1.5
444.15,264.17,1.5
444.01,264.01,1.5
443.82,263.94,1.5
443.61,263.86,1.5
443.40,263.75,1.5
443.19,263.64,1.5
442.97,263.53,1.5
442.75,263.41,1.5
442.53,263.30,1.5
442.30,263.19,1.5
442.07,263.09,1.5
441.85,262.98,1.5
441.62,262.88,1.5
441.41,262.77,1.5
441.21,262.65,1.5
441.01,262.52,1.5
440.82,262.38,1.5
440.62,262.24,1.5
440.42,262.11,1.5
440.20,261.99,1.5
439.98,261.88,1.5
439.75,261.76,1.5
439.54,261.64,1.5
439.31,261.56,1.5
439.07,261.49,1.5
438.84,261.39,1.5
438.63,261.30,1.5
438.40,261.24,1.5
438.17,261.15,1.5
437.97,261.03,1.5
437.76,260.89,1.5
437.56,260.75,1.5
437.37,260.60,1.5
437.18,260.45,1.5
437.00,260.29,1.5
436.82,260.13,1.5
436.63,259.97,1.5
436.44,259.86,1.5
436.21,259.79,1.5
436.00,259.68,1.5
435.81,259.55,1.5
435.62,259.42,1.5
435.45,259.26,1.5
435.30,259.09,1.5
435.17,258.90,1.5
435.04,258.70,1.5
434.92,258.50,1.5
434.80,258.30,1.5
434.67,258.10,1.5
434.54,257.89,1.5
434.41,257.69,1.5
434.26,257.49,1.5
434.11,257.30,1.5
433.97,257.09,1.5
433.86,256.87,1.5
433.78,256.63,1.5
433.71,256.39,1.5
433.64,256.14,1.5
433.56,255.91,1.5
433.46,255.68,1.5
433.37,255.47,1.5
433.28,255.27,1.5
433.17,255.08,1.5
433.07,254.89,1.5
432.97,254.69,1.5
432.87,254.48,1.5
432.78,254.27,1.5
432.66,254.07,1.5
432.53,253.88,1.5
432.40,253.67,1.5
432.28,253.46,1.5
432.18,253.23,1.5
432.08,252.99,1.5
431.98,252.74,1.5
431.90,252.50,1.5
431.81,252.25,1.5
431.74,252.00,1.5
431.66,251.74,1.5
431.59,251.49,1.5
431.51,251.24,1.5
431.44,250.99,1.5
431.36,250.75,1.5
431.28,250.51,1.5
431.21,250.27,1.5
431.14,250.05,1.5
431.07,249.83,1.5
431.01,249.62,1.5
430.95,249.41,1.5
430.89,249.20,1.5
430.84,248.99,1.5
430.79,248.79,1.5
430.75,248.58,1.5
430.70,248.37,1.5
430.65,248.15,1.5
430.61,247.93,1.5
430.58,247.72,1.5
430.56,247.50,1.5
430.54,247.28,1.5
430.51,247.05,1.5
430.48,246.82,1.5
430.46,246.59,1.5
430.44,246.36,1.5
430.41,246.13,1.5
