0.80
0.80
0.80
0.80
0.80
0.80
0.80
0.81
0.81
0.79
0.77
0.76
0.75
0.75
0.74
0.74
0.75
0.76
0.78
0.79
0.80
0.81
0.80
0.80
0.80
0.80
0.80
0.80
0.80
0.80
0.80
0.80
0.81
0.81
0.81
0.81
0.81
0.81
0.81
0.82
0.82
0.83
0.84
0.85
0.86
0.86
0.86
0.86
0.86
0.85
0.85
0.85
0.84
0.83
0.78
0.72
0.67
0.65
0.64
0.64
0.66
0.67
0.66
0.67
0.73
0.78
0.79
0.79
0.81
0.82
0.80
0.79
0.79
0.80
0.80
0.80
0.81
0.83
0.83
0.84
0.84
0.83
0.79
0.76
0.74
0.73
0.72
0.72
0.72
0.73
0.73
0.75
0.79
0.81
0.81
0.82
0.81
0.80
0.79
0.79
0.79
0.79
0.79
0.79
0.80
0.80
0.80
0.80
0.80
0.80
0.80
0.80
0.80
0.81
0.81
0.80
0.80
0.80
0.80
0.81
0.81
0.81
0.81
0.81
0.81
0.81
0.81
0.81
0.81
0.81
0.81
0.81
0.81
0.81
0.81
0.81
0.81
0.81
0.81
0.81
0.81
0.81
0.81
0.81
0.81
0.81
0.81
0.81
0.81
0.81
0.81
0.81
0.81
0.81
0.81
0.81
0.81
0.81
0.81
0.81
0.81
0.81
0.81
0.81
0.81
0.81
0.81
0.81
0.81
0.81
0.81
0.81
0.81
0.81
0.81
0.81
0.81
0.81
0.81
0.81
0.81
0.81
0.81
0.80
0.78
0.77
0.76
0.76
0.76
0.76
0.77
0.79
0.80
0.81
0.81
0.81
0.81
0.80
0.81
0.81
0.80
0.80
0.80
0.80
0.81
0.81
0.81
0.80
0.80
0.80
0.80
0.81
0.80
0.80
0.80
0.80
0.81
0.81
0.81
0.81
0.81
0.81
0.81
0.81
0.81
0.80
0.79
0.77
0.77
0.76
0.76
0.75
0.75
0.76
0.78
0.80
0.80
0.81
0.81
0.80
0.81
0.81
0.81
0.81
0.81
0.80
0.80
0.80
0.80
0.80
0.80
0.81
0.81
0.81
0.81
0.81
0.81
0.81
0.81
0.81
0.81
0.81
0.80
0.80
0.80
0.80
0.81
0.81
0.81
0.81
0.81
0.81
0.81
0.81
0.81
0.81
0.81
0.81
0.81
0.81
0.81
0.81
0.81
0.81
0.81
0.81
0.81
0.81
0.81
0.81
0.81
0.81
0.81
0.81
0.81
0.81
0.81
0.81
0.81
0.81
0.81
0.81
0.81
0.81
0.81
0.81
0.81
0.81
0.81
0.81
0.81
0.81
0.81
0.79
0.78
0.77
0.77
0.76
0.75
0.75
0.75
0.75
0.75
0.74
0.74
0.74
0.73
0.73
0.74
0.74
0.75
0.75
0.75
0.76
0.76
0.77
0.79
0.80
0.80
0.81
0.82
0.82
0.82
0.82
0.82
0.82
0.81
0.81
0.81
0.32
0.81
0.81
0.81
0.80
0.78
0.75
0.74
0.74
0.29
0.73
0.73
0.73
0.73
0.73
0.73
0.73
0.73
0.73
0.73
0.73
0.73
0.73
0.73
0.73
0.73
0.73
0.73
0.73
0.73
0.73
0.73
0.73
0.73
0.73
0.73
0.73
0.73
0.73
0.73
0.73
0.73
0.73
0.73
0.73
0.73
0.73
0.73
0.73
0.73
0.73
0.73
0.73
0.73
0.73
0.73
0.73
0.73
0.73
0.73
0.73
0.73
0.73
0.73
0.73
0.74
0.74
0.74
0.74
0.74
0.73
0.72
0.70
0.69
0.68
0.68
0.67
0.68
0.68
0.68
0.68
0.67
0.67
0.69
0.71
0.72
0.73
0.74
0.75
0.75
0.75
0.74
0.74
0.73
0.73
0.73
0.73
0.73
0.73
0.73
0.73
0.73
0.73
0.73
0.73
0.73
0.73
0.73
0.73
0.73
0.73
0.73
0.73
0.73
0.73
0.73
0.73
0.73
0.73
0.15
0.73
0.73
0.73
0.73
0.29
0.74
0.76
0.78
0.79
0.80
0.80
0.81
0.81
0.80
0.80
0.80
0.80
0.80
0.80
0.81
0.81
0.81
0.81
0.81
0.81
0.81
0.81
0.81
0.81
0.81
0.81
0.81
0.81
0.81
0.81
0.81
0.81
0.81
0.81
0.81
0.81
0.81
0.81
0.81
0.81
0.81
0.81
0.81
0.81
0.81
0.79
0.77
