410.45,356.36,1.5
410.48,356.28,1.5
410.55,356.19,1.5
410.62,356.13,1.5
410.70,356.09,1.5
410.75,356.06,1.5
410.77,356.04,1.5
410.77,356.00,1.5
410.76,355.91,1.5
410.78,355.77,1.5
410.81,355.64,1.5
410.86,355.55,1.5
410.90,355.51,1.5
410.92,355.46,1.5
410.93,355.39,1.5
410.94,355.33,1.5
410.95,355.29,1.5
410.96,355.26,1.5
410.98,355.22,1.5
411.01,355.12,1.5
411.04,354.99,1.5
411.07,354.84,1.5
411.10,354.70,1.5
411.10,354.57,1.5
411.12,354.42,1.5
411.13,354.27,1.5
411.16,354.18,1.5
411.20,354.20,1.5
411.26,354.23,1.5
411.36,354.19,1.5
411.48,354.07,1.5
411.63,353.91,1.5
411.82,353.76,1.5
411.99,353.61,1.5
412.07,353.45,1.5
412.07,353.26,1.5
412.08,353.04,1.5
412.14,352.83,1.5
412.24,352.63,1.5
412.34,352.44,1.5
412.44,352.26,1.5
412.52,352.06,1.5
412.60,351.86,1.5
412.64,351.65,1.5
412.65,351.44,1.5
412.68,351.23,1.5
412.73,351.03,1.5
412.82,350.88,1.5
412.96,350.73,1.5
413.06,350.53,1.5
413.15,350.32,1.5
413.23,350.12,1.5
413.32,349.92,1.5
413.37,349.72,1.5
413.42,349.52,1.5
413.49,349.32,1.5
413.57,349.12,1.5
413.68,348.93,1.5
413.79,348.74,1.5
413.89,348.53,1.5
413.98,348.32,1.5
414.09,348.11,1.5
414.18,347.90,1.5
414.27,347.69,1.5
414.37,347.48,1.5
414.49,347.29,1.5
414.60,347.09,1.5
414.71,346.90,1.5
414.83,346.72,1.5
414.94,346.53,1.5
415.05,346.35,1.5
415.17,346.16,1.5
415.28,345.97,1.5
415.39,345.78,1.5
415.51,345.59,1.5
415.63,345.40,1.5
415.75,345.21,1.5
415.88,345.02,1.5
416.00,344.83,1.5
416.13,344.64,1.5
416.26,344.44,1.5
416.38,344.24,1.5
416.48,344.04,1.5
416.55,343.86,1.5
416.54,343.68,1.5
416.55,343.47,1.5
416.60,343.26,1.5
416.67,343.06,1.5
416.70,342.87,1.5
416.70,342.65,1.5
416.70,342.43,1.5
416.69,342.23,1.5
416.68,342.01,1.5
416.70,341.80,1.5
416.67,341.62,1.5
416.60,341.42,1.5
416.59,341.22,1.5
416.63,341.03,1.5
416.70,340.84,1.5
416.79,340.66,1.5
416.89,340.48,1.5
416.99,340.28,1.5
417.11,340.08,1.5
417.22,339.88,1.5
417.32,339.69,1.5
417.43,339.49,1.5
417.54,339.28,1.5
417.65,339.06,1.5
417.76,338.85,1.5
417.86,338.63,1.5
417.94,338.41,1.5
418.02,338.18,1.5
418.10,337.95,1.5
418.18,337.72,1.5
418.25,337.49,1.5
418.33,337.26,1.5
418.39,337.03,1.5
418.45,336.80,1.5
418.52,336.57,1.5
418.59,336.34,1.5
418.65,336.10,1.5
418.72,335.87,1.5
418.77,335.63,1.5
418.83,335.40,1.5
418.88,335.16,1.5
418.94,334.93,1.5
419.00,334.71,1.5
419.07,334.48,1.5
419.13,334.25,1.5
419.18,334.02,1.5
419.20,333.79,1.5
419.23,333.56,1.5
419.29,333.34,1.5
419.37,333.12,1.5
419.46,332.91,1.5
419.56,332.70,1.5
419.67,332.50,1.5
419.77,332.30,1.5
419.88,332.09,1.5
419.98,331.88,1.5
420.07,331.68,1.5
420.17,331.48,1.5
420.27,331.27,1.5
420.37,331.07,1.5
420.47,330.87,1.5
420.57,330.66,1.5
420.67,330.46,1.5
420.76,330.25,1.5
420.86,330.04,1.5
420.94,329.81,1.5
420.99,329.58,1.5
421.04,329.35,1.5
421.11,329.13,1.5
421.20,328.92,1.5
421.29,328.70,1.5
421.38,328.49,1.5
421.46,328.27,1.5
421.54,328.06,1.5
421.63,327.86,1.5
421.71,327.64,1.5
421.79,327.42,1.5
421.87,327.20,1.5
421.94,326.98,1.5
422.02,326.75,1.5
422.08,326.52,1.5
422.15,326.29,1.5
422.23,326.05,1.5
422.29,325.82,1.5
422.35,325.59,1.5
422.42,325.37,1.5
422.49,325.15,1.5
422.54,324.91,1.5
422.59,324.68,1.5
422.61,324.45,1.5
422.63,324.22,1.5
422.67,323.99,1.5
422.72,323.77,1.5
422.78,323.53,1.5
422.84,323.31,1.5
422.91,323.08,1.5
422.96,322.86,1.5
423.02,322.63,1.5
423.07,322.40,1.5
423.12,322.17,1.5
423.18,321.95,1.5
423.24,321.73,1.5
423.31,321.52,1.5
423.37,321.29,1.5
423.42,321.07,1.5
423.46,320.84,1.5
423.50,320.62,1.5
423.54,320.39,1.5
423.59,320.17,1.5
423.65,319.96,1.5
423.71,319.75,1.5
423.77,319.53,1.5
423.84,319.32,1.5
423.90,319.10,1.5
423.97,318.87,1.5
424.03,318.64,1.5
424.08,318.42,1.5
424.14,318.20,1.5
424.19,317.98,1.5
424.25,317.76,1.5
424.30,317.54,1.5
424.37,317.32,1.5
424.44,317.11,1.5
424.51,316.89,1.5
424.57,316.68,1.5
424.63,316.47,1.5
424.70,316.26,1.5
424.76,316.05,1.5
424.82,315.83,1.5
424.88,315.60,1.5
424.93,315.37,1.5
424.98,315.14,1.5
425.03,314.91,1.5
425.09,314.69,1.5
425.16,314.48,1.5
425.22,314.26,1.5
425.29,314.05,1.5
425.36,313.83,1.5
425.44,313.61,1.5
425.51,313.40,1.5
425.59,313.18,1.5
425.66,312.97,1.5
425.74,312.75,1.5
425.81,312.53,1.5
425.88,312.31,1.5
425.94,312.09,1.5
426.00,311.86,1.5
426.04,311.63,1.5
426.10,311.40,1.5
426.17,311.17,1.5
426.24,310.95,1.5
426.32,310.73,1.5
426.40,310.52,1.5
426.49,310.32,1.5
426.57,310.11,1.5
426.66,309.91,1.5
426.74,309.72,1.5
426.83,309.52,1.5
426.92,309.32,1.5
427.00,309.11,1.5
427.08,308.90,1.5
427.15,308.70,1.5
427.22,308.49,1.5
427.29,308.28,1.5
427.36,308.07,1.5
427.42,307.86,1.5
427.50,307.64,1.5
427.56,307.43,1.5
427.62,307.21,1.5
427.67,306.98,1.5
427.73,306.75,1.5
427.79,306.52,1.5
427.85,306.28,1.5
427.91,306.05,1.5
427.98,305.82,1.5
428.04,305.60,1.5
428.11,305.37,1.5
428.17,305.16,1.5
428.23,304.96,1.5
428.29,304.75,1.5
428.35,304.55,1.5
428.42,304.33,1.5
428.48,304.10,1.5
428.54,303.87,1.5
428.59,303.63,1.5
428.65,303.40,1.5
428.71,303.18,1.5
428.77,302.95,1.5
428.85,302.74,1.5
428.93,302.52,1.5
429.01,302.31,1.5
429.09,302.10,1.5
429.18,301.89,1.5
429.27,301.68,1.5
429.35,301.46,1.5
429.43,301.24,1.5
429.52,301.01,1.5
429.63,300.80,1.5
429.74,300.58,1.5
429.84,300.37,1.5
429.94,300.16,1.5
430.03,299.95,1.5
430.13,299.75,1.5
430.23,299.55,1.5
430.33,299.35,1.5
430.44,299.15,1.5
430.54,298.96,1.5
430.65,298.76,1.5
430.75,298.56,1.5
430.86,298.36,1.5
430.97,298.16,1.5
431.08,297.95,1.5
431.18,297.74,1.5
431.28,297.53,1.5
431.38,297.32,1.5
431.49,297.10,1.5
431.59,296.88,1.5
431.68,296.65,1.5
431.77,296.43,1.5
431.85,296.20,1.5
431.93,295.98,1.5
432.02,295.76,1.5
432.11,295.53,1.5
432.19,295.31,1.5
432.28,295.08,1.5
432.36,294.85,1.5
432.44,294.63,1.5
432.53,294.40,1.5
432.61,294.17,1.5
432.69,293.94,1.5
432.77,293.70,1.5
432.85,293.46,1.5
432.90,293.21,1.5
432.93,292.94,1.5
432.97,292.68,1.5
432.97,292.43,1.5
433.00,292.16,1.5
433.07,291.91,1.5
433.13,291.66,1.5
433.20,291.41,1.5
433.27,291.17,1.5
433.34,290.92,1.5
433.42,290.67,1.5
433.48,290.42,1.5
433.53,290.16,1.5
433.55,289.90,1.5
433.59,289.65,1.5
433.63,289.40,1.5
433.68,289.14,1.5
433.73,288.89,1.5
433.76,288.63,1.5
433.79,288.37,1.5
433.84,288.12,1.5
433.88,287.86,1.5
433.94,287.60,1.5
433.99,287.34,1.5
434.03,287.09,1.5
434.08,286.84,1.5
434.15,286.61,1.5
434.23,286.39,1.5
434.30,286.16,1.5
434.37,285.94,1.5
434.45,285.72,1.5
434.52,285.50,1.5
434.60,285.29,1.5
434.65,285.07,1.5
434.72,284.87,1.5
434.80,284.68,1.5
434.89,284.48,1.5
434.96,284.29,1.5
435.03,284.09,1.5
435.08,283.89,1.5
435.12,283.68,1.5
435.10,283.48,1.5
435.07,283.26,1.5
435.08,283.05,1.5
435.11,282.84,1.5
435.16,282.65,1.5
435.22,282.45,1.5
435.27,282.26,1.5
435.28,282.06,1.5
435.26,281.85,1.5
435.27,281.63,1.5
435.28,281.42,1.5
435.28,281.23,1.5
435.30,281.05,1.5
435.34,280.90,1.5
435.39,280.75,1.5
435.45,280.62,1.5
435.52,280.50,1.5
435.58,280.39,1.5
435.65,280.28,1.5
435.71,280.18,1.5
435.77,280.06,1.5
435.84,279.92,1.5
435.90,279.81,1.5
435.95,279.73,1.5
435.98,279.67,1.5
436.01,279.61,1.5
436.05,279.56,1.5
436.10,279.52,1.5
436.18,279.46,1.5
436.28,279.39,1.5
436.37,279.33,1.5
436.42,279.28,1.5
436.46,279.28,1.5
436.54,279.31,1.5
436.64,279.33,1.5
436.74,279.32,1.5
436.76,279.28,1.5
436.75,279.28,1.5
436.78,279.35,1.5
436.82,279.42,1.5
436.90,279.45,1.5
436.98,279.44,1.5
437.07,279.45,1.5
437.17,279.47,1.5
437.20,279.46,1.5
437.20,279.45,1.5
437.20,279.48,1.5
437.18,279.53,1.5
437.17,279.56,1.5
437.18,279.56,1.5
437.19,279.56,1.5
437.19,279.56,1.5
437.17,279.58,1.5
437.17,279.60,1.5
437.17,279.59,1.5
437.17,279.59,1.5
437.17,279.59,1.5
437.17,279.59,1.5
437.17,279.65,1.5
437.15,279.73,1.5
437.15,279.74,1.5
437.15,279.74,1.5
437.14,279.75,1.5
437.14,279.75,1.5
437.14,279.77,1.5
437.13,279.81,1.5
437.10,279.81,1.5
437.08,279.81,1.5
437.08,279.81,1.5
437.08,279.81,1.5
437.13,279.81,1.5
437.14,279.82,1.5
437.10,279.82,1.5
437.10,279.81,1.5
437.11,279.82,1.5
437.13,279.82,1.5
437.11,279.85,1.5
437.10,279.90,1.5
437.10,279.90,1.5
437.11,279.91,1.5
437.13,279.96,1.5
437.10,280.02,1.5
437.08,280.06,1.5
437.09,280.07,1.5
437.09,280.07,1.5
437.10,280.07,1.5
437.08,280.07,1.5
437.09,280.06,1.5
437.10,280.07,1.5
437.10,280.07,1.5
437.08,280.06,1.5
437.09,280.05,1.5
437.09,280.06,1.5
437.09,280.06,1.5
437.08,280.04,1.5
437.09,280.04,1.5
437.08,280.08,1.5
437.08,280.07,1.5
437.10,280.05,1.5
437.09,280.05,1.5
437.06,280.05,1.5
437.06,280.05,1.5
437.08,280.05,1.5
437.09,280.05,1.5
437.08,280.09,1.5
437.08,280.08,1.5
437.09,280.08,1.5
437.09,280.08,1.5
437.08,280.08,1.5
437.09,280.08,1.5
437.09,280.08,1.5
437.08,280.09,1.5
437.08,280.09,1.5
437.08,280.09,1.5
437.08,280.09,1.5
437.08,280.09,1.5
437.08,280.10,1.5
437.08,280.10,1.5
437.08,280.11,1.5
437.09,280.11,1.5
437.09,280.10,1.5
437.09,280.10,1.5
437.09,280.10,1.5
437.09,280.10,1.5
437.09,280.10,1.5
437.08,280.11,1.5
437.08,280.11,1.5
437.08,280.11,1.5
437.07,280.11,1.5
437.07,280.11,1.5
437.04,280.10,1.5
436.98,280.09,1.5
436.92,280.07,1.5
436.89,280.05,1.5
436.85,280.02,1.5
436.82,280.01,1.5
436.77,279.99,1.5
436.74,279.98,1.5
436.75,279.98,1.5
436.75,279.98,1.5
436.77,279.97,1.5
436.77,279.96,1.5
436.77,279.96,1.5
436.76,279.97,1.5
436.76,279.97,1.5
436.75,279.97,1.5
436.68,279.97,1.5
436.60,279.94,1.5
436.56,279.95,1.5
436.57,279.93,1.5
436.57,279.87,1.5
436.57,279.78,1.5
436.58,279.75,1.5
436.58,279.74,1.5
436.58,279.69,1.5
436.58,279.68,1.5
436.58,279.69,1.5
436.57,279.71,1.5
436.56,279.77,1.5
436.56,279.83,1.5
436.62,279.84,1.5
436.71,279.85,1.5
436.80,279.87,1.5
436.85,279.90,1.5
436.90,279.92,1.5
436.97,279.91,1.5
437.07,279.88,1.5
437.15,279.83,1.5
437.13,279.79,1.5
437.15,279.76,1.5
437.14,279.72,1.5
437.16,279.65,1.5
437.15,279.57,1.5
437.12,279.56,1.5
437.14,279.58,1.5
437.16,279.61,1.5
437.16,279.61,1.5
437.16,279.62,1.5
437.16,279.62,1.5
437.16,279.62,1.5
437.16,279.61,1.5
437.17,279.60,1.5
437.18,279.60,1.5
437.17,279.61,1.5
437.16,279.61,1.5
437.16,279.61,1.5
437.15,279.62,1.5
437.16,279.62,1.5
437.14,279.61,1.5
437.15,279.61,1.5
437.18,279.63,1.5
437.17,279.64,1.5
437.16,279.66,1.5
437.16,279.66,1.5
437.14,279.65,1.5
437.15,279.65,1.5
437.16,279.65,1.5
437.16,279.66,1.5
437.16,279.69,1.5
437.15,279.72,1.5
437.14,279.73,1.5
437.14,279.73,1.5
437.13,279.76,1.5
437.14,279.80,1.5
437.15,279.80,1.5
437.15,279.81,1.5
437.15,279.81,1.5
437.14,279.81,1.5
437.12,279.79,1.5
437.13,279.79,1.5
437.14,279.80,1.5
437.13,279.83,1.5
437.11,279.88,1.5
437.11,279.92,1.5
437.11,279.93,1.5
437.11,279.94,1.5
437.12,279.94,1.5
437.11,279.93,1.5
437.08,279.90,1.5
437.05,279.84,1.5
437.09,279.82,1.5
437.14,279.77,1.5
437.11,279.65,1.5
437.10,279.54,1.5
437.15,279.44,1.5
437.21,279.33,1.5
437.19,279.24,1.5
437.17,279.20,1.5
437.15,279.17,1.5
437.12,279.13,1.5
437.10,279.08,1.5
437.04,279.04,1.5
436.97,279.04,1.5
436.90,279.04,1.5
436.88,279.02,1.5
436.87,279.01,1.5
436.83,278.96,1.5
436.77,278.90,1.5
436.72,278.81,1.5
436.69,278.66,1.5
436.70,278.50,1.5
436.71,278.37,1.5
436.74,278.25,1.5
436.81,278.12,1.5
