0.27
0.36
0.44
0.38
0.34
0.24
0.12
0.18
0.36
0.53
0.56
0.39
0.22
0.22
0.30
0.23
0.18
0.14
0.17
0.40
0.53
0.61
0.57
0.54
0.59
0.59
0.40
0.17
0.29
0.42
0.67
0.86
0.97
0.92
0.70
0.77
0.88
0.88
0.90
0.86
0.82
0.86
0.88
0.84
0.84
0.85
0.80
0.71
0.83
0.88
0.90
0.89
0.88
0.82
0.82
0.85
0.86
0.88
0.88
0.91
0.94
0.93
0.91
0.91
0.91
0.91
0.90
0.89
0.88
0.87
0.87
0.87
0.88
0.88
0.88
0.90
0.91
0.91
0.91
0.92
0.93
0.93
0.91
0.78
0.72
0.83
0.86
0.85
0.78
0.88
0.86
0.82
0.86
0.86
0.74
0.81
0.81
0.79
0.79
0.82
0.84
0.89
0.93
0.90
0.88
0.92
0.96
0.96
0.96
0.96
0.96
0.96
0.96
0.97
0.98
0.98
0.95
0.95
0.96
0.97
0.97
0.98
0.97
0.96
0.96
0.94
0.94
0.96
0.96
0.93
0.90
0.93
0.93
0.92
0.93
0.91
0.91
0.92
0.93
0.91
0.90
0.90
0.91
0.90
0.90
0.91
0.91
0.91
0.93
0.95
0.94
0.94
0.92
0.92
0.94
0.93
0.92
0.90
0.90
0.93
0.95
0.93
0.93
0.95
0.97
0.97
0.98
0.96
0.94
0.93
0.94
0.96
0.96
0.92
0.91
0.92
0.94
0.95
0.95
0.94
0.92
0.94
0.95
0.93
0.90
0.91
0.92
0.92
0.93
0.91
0.91
0.92
0.90
0.89
0.88
0.89
0.91
0.92
0.94
0.94
0.92
0.90
0.90
0.91
0.90
0.91
0.92
0.90
0.88
0.88
0.88
0.89
0.90
0.94
0.96
0.95
0.94
0.91
0.89
0.89
0.89
0.91
0.93
0.92
0.91
0.92
0.93
0.91
0.92
0.93
0.93
0.95
0.96
0.95
0.93
0.92
0.90
0.89
0.88
0.87
0.86
0.87
0.89
0.88
0.88
0.88
0.88
0.87
0.88
0.90
0.91
0.90
0.90
0.94
0.96
0.96
0.96
0.96
0.95
0.94
0.92
0.88
0.85
0.85
0.87
0.91
0.96
0.95
0.95
0.95
0.94
0.93
0.92
0.91
0.90
0.90
0.91
0.92
0.93
0.95
0.97
0.97
0.97
0.95
0.93
0.92
0.90
0.89
0.89
0.89
0.90
0.89
0.89
0.91
0.92
0.93
0.94
0.94
0.94
0.96
0.98
0.98
0.97
0.96
0.95
0.96
0.97
0.97
0.97
0.96
0.96
0.97
0.98
0.99
1.00
1.02
1.02
1.06
1.06
1.03
1.05
1.05
1.03
1.02
1.02
1.03
1.04
1.05
1.04
1.04
1.03
1.03
1.04
1.04
1.04
1.03
1.04
1.05
1.06
1.06
1.02
0.99
0.97
0.95
0.94
0.93
0.93
0.93
0.91
0.88
0.85
0.84
0.85
0.84
0.84
0.85
0.83
0.81
0.87
0.86
0.83
0.81
0.80
0.80
0.79
0.87
0.87
0.84
0.78
0.70
0.64
0.61
0.59
0.55
0.53
0.50
0.48
0.54
0.59
0.51
0.38
0.28
0.26
0.26
0.28
0.38
0.49
0.44
0.29
0.16
0.32
0.42
0.41
0.16
0.03
0.29
0.33
0.35
0.32
0.35
0.42
0.12
0.02
0.12
0.19
0.13
0.03
0.07
0.04
0.11
0.06
0.04
0.01
0.01
0.02
0.23
0.34
0.04
0.01
0.03
0.01
0.09
0.14
0.14
0.07
0.01
0.02
0.20
0.04
0.14
0.03
0.05
0.07
0.16
0.19
0.02
0.05
0.21
0.26
0.20
0.04
0.02
0.02
0.06
0.04
0.04
0.01
0.08
0.06
0.04
0.02
0.08
0.03
0.17
0.03
0.12
0.06
0.10
0.01
0.07
0.07
0.18
0.04
0.02
0.01
0.02
0.02
0.02
0.02
0.02
0.01
0.00
0.01
0.02
0.02
0.02
0.00
0.02
0.01
0.00
0.01
0.01
0.05
0.02
0.01
0.02
0.02
0.12
0.25
0.24
0.17
0.18
0.15
0.20
0.14
0.03
0.04
0.06
0.03
0.01
0.03
0.01
0.06
0.30
0.34
0.13
0.05
0.28
0.33
0.13
0.05
0.20
0.04
0.04
0.10
0.23
0.23
0.23
0.39
0.37
0.24
0.20
0.29
0.42
0.38
0.21
0.13
0.16
0.28
0.34
0.11
0.13
0.13
0.03
0.03
0.02
0.01
0.05
0.07
0.04
0.03
0.04
0.02
0.05
0.02
0.08
0.05
0.14
0.05
0.08
0.02
0.07
0.04
0.06
0.05
0.12
0.11
0.06
0.02
0.13
0.13
0.05
0.02
0.01
0.04
0.10
0.06
0.06
0.10
0.23
0.17
0.04
0.03
0.03
0.04
0.19
0.26
0.19
0.28
0.46
0.47
0.43
0.51
0.39
0.19
0.14
0.18
0.21
0.27
0.31
0.26
0.10
0.09
0.22
0.36
0.43
0.60
0.62
0.55
0.48
0.58
