1.35
1.36
1.38
1.42
1.44
1.45
1.46
1.49
1.49
1.51
1.52
1.53
1.54
1.53
1.51
1.47
1.44
1.42
1.42
1.41
1.40
1.42
1.41
1.41
1.41
1.38
1.35
1.34
1.34
1.35
1.34
1.33
1.33
1.34
1.34
1.35
1.34
1.34
1.32
1.29
1.26
1.23
1.19
1.15
1.12
1.10
1.08
1.06
1.07
1.08
1.07
1.07
1.08
1.09
1.07
1.05
1.10
1.14
1.09
1.04
1.06
1.17
1.27
1.36
1.39
1.42
1.42
1.42
1.41
1.40
1.40
1.40
1.39
1.39
1.37
1.33
1.31
1.30
1.29
1.29
1.27
1.26
1.26
1.26
1.27
1.27
1.27
1.27
1.29
1.31
1.30
1.29
1.27
1.22
1.16
1.13
1.12
1.12
1.12
1.10
1.11
1.13
1.10
1.08
1.06
1.04
1.00
0.94
0.90
0.88
0.83
0.89
0.88
0.83
0.78
0.82
0.88
0.90
0.94
0.97
0.99
1.01
0.88
0.75
0.75
0.79
0.77
0.75
0.81
0.88
0.91
0.96
0.97
0.94
0.91
0.91
0.91
0.91
0.89
0.87
0.88
0.91
0.98
1.04
1.10
1.11
1.10
1.09
0.99
0.91
0.86
0.83
0.80
0.79
0.90
1.01
0.99
0.95
1.01
1.11
1.11
1.09
1.28
1.28
1.22
1.11
1.05
1.04
1.00
0.94
0.88
0.87
0.85
0.84
0.88
0.92
1.02
1.09
1.12
1.11
1.05
1.00
1.02
1.04
1.03
1.03
1.08
1.16
1.21
1.19
1.09
1.08
1.10
1.13
1.18
1.23
1.24
1.26
1.20
1.12
1.22
1.30
1.31
1.30
1.27
1.24
1.23
1.24
1.26
1.29
1.28
1.28
1.27
1.28
1.30
1.32
1.34
1.36
1.35
1.34
1.37
1.38
1.39
1.40
1.41
1.40
1.40
1.42
1.43
1.44
1.45
1.44
1.44
1.44
1.45
1.45
1.44
1.43
1.43
1.42
1.41
1.39
1.37
1.36
1.36
1.37
1.37
1.35
1.33
1.34
1.35
1.35
1.34
1.29
1.24
1.21
1.19
1.18
1.13
1.07
0.99
0.93
0.90
0.91
0.92
0.94
1.02
1.08
1.07
1.04
1.04
1.04
1.07
1.09
1.09
1.10
1.05
1.02
1.04
1.07
1.13
1.17
1.18
1.17
1.19
1.20
1.14
1.09
1.07
1.08
1.07
1.07
1.13
1.18
1.19
1.21
1.22
1.24
1.24
1.24
1.24
1.25
1.24
1.24
1.26
1.29
1.28
1.27
1.29
1.31
1.26
0.93
1.05
1.15
1.20
1.24
1.27
1.30
1.20
0.75
0.92
0.74
0.65
0.72
0.87
1.01
1.10
1.16
1.18
1.18
1.21
1.23
1.28
1.30
1.27
1.24
1.22
1.18
1.02
1.06
1.07
1.15
1.17
1.16
1.21
1.25
1.17
1.06
1.03
1.04
1.08
1.13
1.12
1.09
1.06
1.04
1.04
1.07
1.10
1.13
1.17
1.21
1.19
1.18
1.24
1.30
1.33
1.35
1.38
1.40
1.40
1.37
1.33
1.30
1.29
1.31
0.53
1.08
1.02
1.14
1.23
1.28
1.31
1.32
1.29
1.26
1.23
1.22
1.21
1.22
1.26
1.28
1.24
1.24
1.25
1.26
1.23
1.21
1.18
1.15
1.14
1.13
1.11
1.08
1.06
1.05
1.05
1.06
1.06
1.07
1.06
1.05
1.00
0.97
1.02
1.06
1.09
1.08
0.97
0.87
0.85
0.87
0.88
0.87
0.82
0.77
0.66
0.62
0.76
0.91
0.79
0.78
0.62
0.46
0.48
0.47
0.87
1.15
1.06
0.75
0.55
0.79
0.99
1.09
1.09
1.07
1.13
1.18
1.22
1.23
1.14
0.79
0.61
0.76
1.01
1.18
1.25
1.28
1.35
1.40
1.46
1.50
1.51
1.52
1.51
1.49
1.47
1.45
1.44
1.45
1.45
1.24
1.31
1.39
1.43
1.45
1.46
1.46
1.45
1.44
1.43
1.42
1.42
1.42
1.42
1.43
1.43
1.43
1.42
1.42
1.43
1.46
1.49
1.47
1.26
1.24
1.34
1.14
1.32
1.23
1.38
1.42
1.47
1.50
1.48
0.97
0.87
1.14
1.28
1.35
1.41
1.30
0.99
1.24
1.30
1.34
1.43
1.43
1.44
1.47
1.48
1.49
1.50
1.51
1.52
1.44
1.44
1.46
1.45
1.42
1.46
1.47
1.47
1.47
1.46
1.44
1.44
1.46
1.46
1.45
1.44
1.43
1.43
1.43
1.42
1.43
1.44
1.45
1.46
1.46
1.45
1.44
1.43
1.43
1.46
1.48
1.43
0.79
0.90
1.02
1.15
1.29
1.38
1.43
1.42
1.41
1.40
1.39
1.40
1.40
1.42
1.43
1.43
1.42
1.38
1.40
1.40
1.39
1.38
1.37
1.38
1.40
1.40
1.35
1.31
1.30
1.30
1.30
1.29
1.27
1.25
1.24
1.22
1.21
1.20
1.20
1.21
1.22
1.24
1.25
1.27
1.29
1.30
1.33
1.35
1.33
1.39
1.42
1.35
1.34
1.33
1.43
1.41
1.41
1.39
1.35
1.35
1.35
1.35
1.34
1.32
1.30
1.29
1.29
1.30
1.29
1.33
1.36
1.36
1.38
1.37
1.35
1.39
1.38
1.21
1.28
1.32
1.29
1.25
1.20
1.16
1.13
1.11
1.10
1.12
1.12
1.13
1.12
1.11
1.08
1.07
1.06
1.04
1.05
1.06
1.07
1.08
1.08
1.07
1.06
1.09
1.13
1.12
1.13
1.18
1.12
0.97
0.96
1.07
1.11
1.06
1.02
1.03
1.04
1.02
0.95
0.86
0.77
1.08
1.23
1.26
1.25
1.30
1.35
1.37
1.34
1.02
1.08
1.19
1.05
1.15
1.37
1.50
1.43
0.92
1.05
1.13
1.25
1.34
1.02
0.79
1.20
1.37
1.16
1.25
1.07
1.06
0.95
0.56
0.84
1.00
1.14
1.27
0.53
0.32
0.42
0.67
0.90
1.02
1.12
1.18
1.12
1.28
1.34
1.23
0.45
0.65
0.84
0.84
1.00
1.23
1.11
0.54
1.03
1.10
1.25
1.24
1.24
1.21
1.31
1.14
0.98
1.10
1.13
1.27
1.33
1.31
1.12
1.23
1.28
1.35
1.40
1.45
1.43
1.13
1.28
1.34
1.39
1.25
1.28
1.13
1.18
1.27
1.33
1.39
1.42
1.43
1.44
1.45
1.45
1.31
0.46
0.32
0.42
0.67
0.96
1.13
1.29
1.38
1.44
1.44
1.50
1.53
1.48
1.45
1.37
1.39
1.33
1.32
1.40
1.44
1.46
1.45
1.44
1.43
1.39
1.40
1.41
1.42
1.34
1.22
1.14
1.12
1.11
1.12
1.14
1.14
1.03
0.96
0.97
0.99
1.03
1.08
1.11
1.27
1.36
1.25
1.22
1.25
1.11
0.51
0.15
0.27
0.28
0.21
0.14
0.25
0.32
0.11
0.06
0.40
0.70
0.92
0.99
1.08
1.07
0.92
0.82
0.81
0.83
0.99
1.12
1.09
1.01
1.01
1.03
0.99
0.87
0.61
0.48
0.33
0.43
0.72
1.03
0.92
1.02
1.03
0.81
0.78
0.90
1.00
1.08
1.23
1.35
1.28
1.23
1.18
1.28
1.35
1.37
1.43
1.43
1.41
1.37
1.24
1.06
0.77
0.44
0.30
0.35
0.44
0.58
0.69
0.68
0.74
0.83
0.80
0.68
0.77
0.89
1.09
1.23
1.28
1.31
1.32
1.28
1.26
1.28
1.31
1.26
1.18
1.35
1.33
1.38
1.37
1.39
1.43
1.42
1.30
1.00
0.64
0.69
0.75
0.74
0.78
0.93
0.93
0.81
0.84
0.99
1.09
1.16
1.16
1.16
1.19
1.21
1.27
1.31
1.27
1.35
1.42
1.40
1.40
1.48
1.34
1.33
1.42
1.43
1.43
1.43
1.46
1.48
1.46
1.47
1.49
1.39
1.41
1.47
1.46
1.46
1.47
1.47
1.46
1.44
1.43
1.43
1.43
1.44
1.46
1.46
1.45
1.46
1.48
1.49
1.51
1.52
1.48
1.47
1.46
1.44
1.44
1.46
1.47
1.47
1.46
1.48
1.51
1.51
1.48
1.47
1.48
1.47
1.48
1.49
1.50
1.50
1.48
1.46
1.44
1.43
1.43
1.43
1.42
1.42
1.42
1.43
1.45
1.48
1.48
1.46
