0.79
0.79
0.79
0.79
0.79
0.79
0.79
0.79
0.79
0.79
0.79
0.80
0.80
0.80
0.80
0.80
0.81
0.81
0.82
0.82
0.83
0.83
0.83
0.82
0.82
0.81
0.80
0.78
0.76
0.75
0.74
0.74
0.73
0.73
0.73
0.73
0.73
0.73
0.73
0.73
0.75
0.77
0.79
0.80
0.80
0.80
0.80
0.80
0.81
0.80
0.79
0.80
0.80
0.80
0.80
0.80
0.80
0.80
0.77
0.76
0.74
0.74
0.73
0.72
0.72
0.72
0.72
0.73
0.76
0.79
0.79
0.76
0.74
0.74
0.74
0.74
0.74
0.73
0.72
0.72
0.74
0.76
0.77
0.77
0.77
0.78
0.79
0.80
0.79
0.79
0.79
0.79
0.80
0.79
0.79
0.79
0.79
0.80
0.80
0.80
0.80
0.79
0.79
0.79
0.79
0.79
0.80
0.79
0.79
0.79
0.79
0.79
0.79
0.79
0.79
0.79
0.79
0.79
0.80
0.80
0.80
0.80
0.81
0.82
0.82
0.81
0.80
0.77
0.74
0.73
0.72
0.72
0.73
0.73
0.73
0.74
0.76
0.78
0.78
0.79
0.80
0.79
0.78
0.78
0.79
0.80
0.80
0.80
0.80
0.80
0.79
0.79
0.79
0.79
0.79
0.79
0.79
0.79
0.79
0.79
0.79
0.79
0.79
0.79
0.80
0.79
0.79
0.79
0.79
0.79
0.79
0.79
0.79
0.79
0.79
0.79
0.79
0.79
0.79
0.79
0.79
0.79
0.79
0.79
0.79
0.79
0.79
0.79
0.79
0.79
0.79
0.79
0.79
0.79
0.79
0.79
0.79
0.79
0.79
0.79
0.79
0.79
0.79
0.79
0.79
0.79
0.79
0.79
0.79
0.79
0.79
0.79
0.79
0.79
0.79
0.79
0.79
0.79
0.79
0.79
0.79
0.79
0.79
0.79
0.79
0.79
0.79
0.79
0.79
0.79
0.79
0.79
0.79
0.79
0.79
0.79
0.79
0.79
0.79
0.79
0.79
0.79
0.79
0.79
0.79
0.79
0.79
0.79
0.79
0.79
0.79
0.79
0.79
0.79
0.79
0.79
0.79
0.79
0.79
0.79
0.79
0.79
0.79
0.79
0.79
0.79
0.79
0.79
0.79
0.79
0.79
0.79
0.79
0.79
0.79
0.79
0.79
0.80
0.83
0.79
0.79
0.80
0.82
0.84
0.81
0.83
0.83
0.87
0.84
0.81
0.73
0.73
0.72
0.71
0.70
0.70
0.70
0.71
0.71
0.70
0.69
0.69
0.70
0.74
0.77
0.75
0.76
0.77
0.77
0.76
0.76
0.75
0.75
0.75
0.75
0.75
0.75
0.75
0.75
0.75
0.75
0.76
0.74
0.72
0.73
0.76
0.78
0.78
0.79
0.80
0.81
0.64
0.58
0.67
0.76
0.81
0.83
0.83
0.82
0.81
0.81
0.80
0.80
0.80
0.80
0.80
0.80
0.80
0.81
0.81
0.81
0.81
0.81
0.81
0.81
0.81
0.81
0.81
0.81
0.81
0.81
0.81
0.81
0.81
0.81
0.82
0.82
0.81
0.77
0.75
0.73
0.72
0.72
0.72
0.72
0.73
0.74
0.75
0.76
0.78
0.80
0.81
0.81
0.81
0.81
0.81
0.82
0.84
0.85
0.84
0.86
0.89
0.90
0.89
0.86
0.84
0.83
0.82
0.79
0.77
0.76
0.76
0.75
0.73
0.71
0.69
0.67
0.66
0.66
0.66
0.68
0.72
0.74
0.76
0.77
0.77
0.79
0.79
0.80
0.81
0.81
0.81
0.81
0.81
0.80
0.80
0.80
0.80
0.80
0.81
0.82
0.80
0.79
0.78
0.78
0.77
0.77
0.77
0.77
0.76
0.76
0.76
0.76
0.76
0.76
0.75
0.75
0.75
0.74
0.72
0.71
0.70
0.68
0.68
0.68
0.68
0.68
0.70
0.71
0.71
0.70
0.71
0.70
0.67
0.65
0.61
0.59
0.56
0.55
0.57
0.59
0.56
0.51
0.52
0.55
0.53
0.52
0.52
0.55
0.59
0.62
0.65
0.67
0.73
0.75
0.73
0.71
0.67
0.65
0.64
0.64
0.64
0.65
0.73
0.96
0.80
0.77
0.77
0.73
0.68
0.63
0.60
0.58
0.55
0.53
0.52
0.53
0.55
0.59
0.66
0.72
0.75
0.79
0.84
0.87
0.84
0.82
0.83
0.83
0.82
0.81
0.80
0.80
0.81
0.81
0.81
0.81
0.81
0.82
0.82
0.81
0.80
0.77
0.75
0.73
0.72
0.71
0.71
0.71
0.72
0.73
0.73
0.75
0.77
0.78
0.76
0.75
0.74
0.73
0.71
0.70
0.70
0.70
0.71
0.72
0.71
0.71
0.70
0.71
0.74
0.78
0.80
0.80
0.77
0.76
0.76
0.77
0.78
0.80
0.80
0.79
0.79
0.79
0.80
0.80
0.80
0.83
0.86
0.85
0.84
0.82
0.82
0.82
0.83
0.83
0.83
0.82
0.81
0.80
0.80
0.80
0.79
0.79
0.79
0.79
0.79
0.79
0.79
0.80
0.81
0.81
0.80
0.80
0.80
0.80
0.79
0.79
0.79
0.79
0.79
0.79
0.79
0.79
0.79
0.79
0.79
0.79
0.79
0.79
0.80
0.80
0.80
0.80
0.80
0.80
0.80
0.80
0.80
0.80
0.80
0.80
0.80
0.80
0.80
0.80
0.80
0.80
0.80
0.80
0.80
0.80
