206.99,494.66,1.5
207.18,494.49,1.5
207.36,494.32,1.5
207.54,494.17,1.5
207.71,494.01,1.5
207.88,493.85,1.5
208.05,493.70,1.5
208.22,493.56,1.5
208.39,493.41,1.5
208.57,493.26,1.5
208.75,493.10,1.5
208.95,492.94,1.5
209.15,492.77,1.5
209.31,492.60,1.5
209.47,492.43,1.5
209.61,492.26,1.5
209.73,492.09,1.5
209.85,491.91,1.5
209.98,491.74,1.5
210.12,491.55,1.5
210.28,491.38,1.5
210.46,491.21,1.5
210.65,491.05,1.5
210.84,490.88,1.5
211.02,490.72,1.5
211.20,490.55,1.5
211.37,490.39,1.5
211.54,490.22,1.5
211.71,490.08,1.5
211.89,489.95,1.5
212.05,489.82,1.5
212.22,489.69,1.5
212.39,489.57,1.5
212.56,489.44,1.5
212.74,489.32,1.5
212.92,489.20,1.5
213.13,489.09,1.5
213.34,488.98,1.5
213.55,488.87,1.5
213.75,488.75,1.5
213.93,488.61,1.5
214.12,488.47,1.5
214.31,488.33,1.5
214.49,488.21,1.5
214.69,488.10,1.5
214.89,487.98,1.5
215.09,487.86,1.5
215.28,487.73,1.5
215.47,487.59,1.5
215.65,487.44,1.5
215.84,487.29,1.5
216.03,487.13,1.5
216.23,486.99,1.5
216.44,486.85,1.5
216.65,486.72,1.5
216.86,486.58,1.5
217.07,486.45,1.5
217.26,486.32,1.5
217.46,486.18,1.5
217.67,486.03,1.5
217.88,485.88,1.5
218.08,485.73,1.5
218.29,485.58,1.5
218.50,485.43,1.5
218.71,485.27,1.5
218.94,485.12,1.5
219.15,484.96,1.5
219.36,484.80,1.5
219.57,484.63,1.5
219.78,484.47,1.5
220.01,484.30,1.5
220.24,484.13,1.5
220.47,483.97,1.5
220.71,483.82,1.5
220.94,483.67,1.5
221.18,483.51,1.5
221.42,483.35,1.5
221.66,483.20,1.5
221.88,483.04,1.5
222.11,482.87,1.5
222.33,482.71,1.5
222.56,482.55,1.5
222.78,482.39,1.5
223.00,482.23,1.5
223.22,482.07,1.5
223.43,481.92,1.5
223.65,481.76,1.5
223.88,481.60,1.5
224.11,481.44,1.5
224.34,481.29,1.5
224.57,481.14,1.5
224.81,481.00,1.5
225.05,480.86,1.5
225.28,480.71,1.5
225.52,480.56,1.5
225.75,480.41,1.5
225.98,480.26,1.5
226.20,480.12,1.5
226.42,479.97,1.5
226.64,479.83,1.5
226.86,479.69,1.5
227.08,479.54,1.5
227.29,479.39,1.5
227.49,479.24,1.5
227.70,479.09,1.5
227.91,478.92,1.5
228.10,478.75,1.5
228.29,478.57,1.5
228.47,478.40,1.5
228.65,478.23,1.5
228.85,478.07,1.5
229.05,477.91,1.5
229.25,477.75,1.5
229.46,477.58,1.5
229.68,477.41,1.5
229.90,477.25,1.5
230.13,477.10,1.5
230.37,476.96,1.5
230.59,476.82,1.5
230.80,476.68,1.5
230.98,476.55,1.5
231.14,476.42,1.5
231.29,476.31,1.5
231.45,476.21,1.5
231.60,476.11,1.5
231.75,476.01,1.5
231.91,475.92,1.5
232.07,475.82,1.5
232.21,475.71,1.5
232.35,475.59,1.5
232.50,475.47,1.5
232.67,475.36,1.5
232.82,475.22,1.5
232.97,475.08,1.5
233.13,474.94,1.5
233.30,474.80,1.5
233.48,474.66,1.5
233.67,474.52,1.5
233.86,474.36,1.5
234.06,474.20,1.5
234.26,474.02,1.5
234.46,473.85,1.5
234.67,473.66,1.5
234.89,473.49,1.5
235.13,473.33,1.5
235.40,473.17,1.5
235.68,473.03,1.5
235.96,472.89,1.5
236.25,472.76,1.5
236.54,472.63,1.5
236.83,472.50,1.5
237.10,472.37,1.5
237.36,472.24,1.5
237.61,472.11,1.5
237.86,471.98,1.5
238.11,471.83,1.5
238.36,471.68,1.5
238.61,471.53,1.5
238.86,471.38,1.5
239.10,471.22,1.5
239.35,471.06,1.5
239.58,470.89,1.5
239.81,470.73,1.5
240.05,470.58,1.5
240.28,470.43,1.5
240.52,470.28,1.5
240.76,470.13,1.5
240.99,469.99,1.5
241.22,469.84,1.5
241.45,469.70,1.5
241.68,469.54,1.5
241.91,469.39,1.5
242.12,469.25,1.5
242.34,469.12,1.5
242.55,468.99,1.5
242.78,468.87,1.5
243.00,468.74,1.5
243.21,468.61,1.5
243.42,468.48,1.5
243.62,468.36,1.5
243.83,468.24,1.5
244.03,468.12,1.5
244.24,467.99,1.5
244.45,467.86,1.5
244.66,467.74,1.5
244.86,467.63,1.5
245.07,467.51,1.5
245.27,467.40,1.5
245.49,467.29,1.5
245.72,467.18,1.5
245.94,467.08,1.5
246.16,466.98,1.5
246.37,466.88,1.5
246.58,466.78,1.5
246.79,466.68,1.5
247.00,466.58,1.5
247.22,466.47,1.5
247.45,466.37,1.5
247.67,466.27,1.5
247.88,466.17,1.5
248.09,466.06,1.5
248.29,465.94,1.5
248.51,465.83,1.5
248.74,465.73,1.5
248.96,465.63,1.5
249.19,465.52,1.5
249.42,465.42,1.5
249.66,465.34,1.5
249.89,465.25,1.5
250.13,465.17,1.5
250.36,465.08,1.5
250.58,464.98,1.5
250.80,464.86,1.5
251.01,464.74,1.5
251.17,464.56,1.5
251.31,464.34,1.5
251.44,464.12,1.5
251.56,463.87,1.5
251.72,463.68,1.5
251.91,463.52,1.5
252.12,463.39,1.5
252.32,463.27,1.5
252.53,463.15,1.5
252.74,463.05,1.5
252.96,462.95,1.5
253.18,462.86,1.5
253.40,462.76,1.5
253.63,462.67,1.5
253.86,462.59,1.5
254.09,462.49,1.5
254.33,462.38,1.5
254.56,462.25,1.5
254.75,462.06,1.5
254.96,461.87,1.5
255.16,461.68,1.5
255.36,461.50,1.5
255.57,461.34,1.5
255.79,461.20,1.5
256.01,461.05,1.5
256.22,460.90,1.5
256.40,460.73,1.5
256.57,460.57,1.5
256.75,460.42,1.5
256.92,460.27,1.5
257.08,460.13,1.5
257.27,460.02,1.5
257.48,459.92,1.5
257.70,459.82,1.5
257.92,459.72,1.5
258.11,459.61,1.5
258.30,459.51,1.5
258.49,459.41,1.5
258.69,459.33,1.5
258.87,459.27,1.5
259.07,459.23,1.5
259.29,459.22,1.5
259.52,459.21,1.5
259.76,459.21,1.5
260.00,459.19,1.5
260.22,459.16,1.5
260.44,459.09,1.5
260.64,458.99,1.5
260.83,458.89,1.5
261.03,458.80,1.5
261.23,458.73,1.5
261.43,458.67,1.5
261.63,458.63,1.5
261.84,458.62,1.5
262.05,458.59,1.5
262.26,458.55,1.5
262.47,458.51,1.5
262.67,458.46,1.5
262.87,458.40,1.5
263.06,458.34,1.5
263.26,458.29,1.5
263.47,458.25,1.5
263.69,458.20,1.5
263.91,458.14,1.5
264.16,458.07,1.5
264.42,458.01,1.5
264.69,457.96,1.5
264.95,457.91,1.5
265.21,457.88,1.5
265.48,457.85,1.5
265.76,457.81,1.5
266.05,457.77,1.5
266.33,457.72,1.5
266.60,457.67,1.5
266.88,457.63,1.5
267.16,457.59,1.5
267.43,457.55,1.5
267.70,457.50,1.5
267.98,457.47,1.5
268.26,457.43,1.5
268.54,457.40,1.5
268.82,457.37,1.5
269.10,457.35,1.5
269.38,457.33,1.5
269.66,457.31,1.5
269.94,457.29,1.5
270.21,457.27,1.5
270.48,457.25,1.5
270.76,457.23,1.5
271.04,457.21,1.5
271.32,457.18,1.5
271.60,457.16,1.5
271.89,457.15,1.5
272.18,457.14,1.5
272.46,457.13,1.5
272.74,457.12,1.5
273.03,457.12,1.5
273.31,457.12,1.5
273.59,457.11,1.5
273.88,457.10,1.5
274.16,457.09,1.5
274.45,457.08,1.5
274.73,457.07,1.5
275.02,457.07,1.5
275.32,457.06,1.5
275.62,457.06,1.5
275.92,457.05,1.5
276.22,457.06,1.5
276.53,457.07,1.5
276.83,457.10,1.5
277.13,457.12,1.5
277.43,457.14,1.5
277.72,457.17,1.5
278.02,457.19,1.5
278.32,457.23,1.5
278.61,457.26,1.5
278.91,457.30,1.5
279.21,457.34,1.5
279.51,457.37,1.5
279.80,457.40,1.5
280.07,457.43,1.5
280.34,457.45,1.5
280.60,457.47,1.5
280.86,457.49,1.5
281.12,457.50,1.5
281.37,457.51,1.5
281.63,457.51,1.5
281.88,457.51,1.5
282.14,457.51,1.5
282.39,457.51,1.5
282.65,457.52,1.5
282.91,457.53,1.5
283.16,457.55,1.5
283.41,457.57,1.5
283.64,457.61,1.5
283.87,457.64,1.5
284.10,457.67,1.5
284.33,457.70,1.5
284.56,457.73,1.5
284.78,457.75,1.5
284.99,457.77,1.5
285.20,457.78,1.5
285.41,457.80,1.5
285.61,457.83,1.5
285.82,457.86,1.5
286.04,457.89,1.5
286.25,457.92,1.5
286.45,457.96,1.5
286.64,457.99,1.5
286.83,458.03,1.5
287.04,458.06,1.5
287.25,458.09,1.5
287.46,458.12,1.5
287.68,458.15,1.5
287.90,458.20,1.5
288.12,458.27,1.5
288.35,458.35,1.5
288.59,458.45,1.5
288.84,458.53,1.5
289.08,458.61,1.5
289.32,458.69,1.5
289.56,458.76,1.5
289.78,458.84,1.5
289.98,458.91,1.5
290.18,458.97,1.5
290.37,459.03,1.5
290.57,459.08,1.5
290.76,459.13,1.5
290.93,459.16,1.5
291.10,459.19,1.5
291.27,459.21,1.5
291.45,459.22,1.5
291.63,459.21,1.5
291.81,459.19,1.5
291.99,459.15,1.5
292.18,459.09,1.5
292.38,459.01,1.5
292.59,458.91,1.5
292.79,458.81,1.5
292.98,458.72,1.5
293.16,458.66,1.5
293.35,458.62,1.5
293.54,458.58,1.5
293.74,458.55,1.5
293.95,458.52,1.5
294.18,458.50,1.5
294.43,458.51,1.5
294.69,458.54,1.5
294.94,458.59,1.5
295.19,458.66,1.5
295.45,458.73,1.5
295.71,458.79,1.5
295.98,458.82,1.5
296.27,458.84,1.5
296.54,458.85,1.5
296.81,458.84,1.5
297.10,458.83,1.5
297.40,458.81,1.5
297.70,458.79,1.5
298.00,458.76,1.5
298.31,458.73,1.5
298.61,458.73,1.5
298.92,458.73,1.5
299.22,458.73,1.5
299.52,458.72,1.5
299.83,458.69,1.5
300.14,458.64,1.5
300.40,458.54,1.5
300.66,458.40,1.5
300.95,458.30,1.5
301.23,458.21,1.5
301.51,458.14,1.5
301.77,458.16,1.5
302.02,458.09,1.5
302.24,457.96,1.5
302.42,457.80,1.5
302.59,457.61,1.5
302.75,457.40,1.5
302.90,457.19,1.5
303.04,456.96,1.5
303.18,456.73,1.5
303.33,456.49,1.5
303.48,456.26,1.5
303.63,456.03,1.5
303.79,455.80,1.5
303.95,455.57,1.5
304.10,455.34,1.5
304.26,455.11,1.5
304.42,454.88,1.5
304.59,454.66,1.5
304.78,454.45,1.5
304.97,454.25,1.5
305.16,454.06,1.5
305.36,453.87,1.5
305.56,453.69,1.5
305.77,453.51,1.5
305.98,453.34,1.5
306.19,453.18,1.5
306.39,453.01,1.5
306.60,452.85,1.5
306.82,452.69,1.5
307.03,452.52,1.5
307.24,452.35,1.5
307.46,452.18,1.5
307.66,452.00,1.5
307.87,451.82,1.5
308.08,451.66,1.5
308.30,451.49,1.5
308.51,451.33,1.5
308.73,451.17,1.5
308.94,451.03,1.5
309.15,450.88,1.5
309.37,450.73,1.5
309.60,450.57,1.5
309.82,450.41,1.5
310.05,450.25,1.5
310.27,450.09,1.5
310.49,449.94,1.5
310.70,449.79,1.5
310.92,449.65,1.5
311.14,449.51,1.5
311.36,449.37,1.5
311.58,449.23,1.5
311.80,449.10,1.5
312.03,448.97,1.5
312.26,448.83,1.5
312.50,448.69,1.5
312.74,448.56,1.5
312.98,448.42,1.5
313.21,448.27,1.5
313.45,448.13,1.5
313.68,447.99,1.5
313.91,447.85,1.5
314.12,447.72,1.5
314.34,447.59,1.5
314.56,447.46,1.5
314.78,447.32,1.5
315.01,447.19,1.5
315.24,447.05,1.5
315.48,446.92,1.5
315.72,446.78,1.5
315.96,446.64,1.5
316.20,446.50,1.5
316.43,446.36,1.5
316.67,446.23,1.5
316.91,446.09,1.5
317.16,445.96,1.5
317.40,445.82,1.5
317.66,445.69,1.5
317.93,445.56,1.5
318.19,445.43,1.5
318.45,445.30,1.5
318.71,445.18,1.5
318.98,445.05,1.5
319.24,444.92,1.5
319.51,444.79,1.5
319.77,444.67,1.5
320.04,444.55,1.5
320.32,444.43,1.5
320.60,444.32,1.5
320.88,444.22,1.5
321.16,444.12,1.5
321.45,444.03,1.5
321.74,443.93,1.5
322.03,443.84,1.5
322.32,443.75,1.5
322.61,443.65,1.5
322.89,443.55,1.5
323.18,443.46,1.5
323.48,443.37,1.5
323.77,443.28,1.5
324.06,443.19,1.5
324.35,443.11,1.5
324.64,443.02,1.5
324.93,442.94,1.5
325.23,442.85,1.5
325.52,442.77,1.5
325.81,442.69,1.5
326.10,442.60,1.5
326.39,442.52,1.5
326.68,442.44,1.5
326.97,442.36,1.5
327.27,442.28,1.5
327.56,442.19,1.5
327.85,442.11,1.5
328.14,442.02,1.5
328.42,441.92,1.5
328.70,441.83,1.5
328.97,441.75,1.5
329.24,441.67,1.5
329.51,441.60,1.5
329.78,441.53,1.5
330.05,441.46,1.5
330.32,441.39,1.5
330.58,441.32,1.5
330.85,441.25,1.5
331.12,441.18,1.5
331.40,441.09,1.5
331.67,441.00,1.5
331.94,440.90,1.5
332.21,440.81,1.5
332.48,440.71,1.5
332.75,440.59,1.5
333.00,440.46,1.5
333.26,440.35,1.5
333.51,440.26,1.5
333.77,440.22,1.5
334.03,440.20,1.5
334.30,440.19,1.5
334.56,440.19,1.5
334.82,440.20,1.5
335.07,440.22,1.5
335.32,440.25,1.5
335.58,440.27,1.5
335.83,440.30,1.5
336.08,440.31,1.5
336.33,440.33,1.5
336.58,440.35,1.5
336.83,440.36,1.5
337.09,440.37,1.5
337.34,440.38,1.5
337.60,440.38,1.5
337.86,440.39,1.5
338.12,440.40,1.5
338.38,440.39,1.5
338.63,440.40,1.5
338.89,440.42,1.5
339.14,440.45,1.5
339.38,440.48,1.5
339.62,440.50,1.5
339.87,440.53,1.5
340.11,440.57,1.5
340.37,440.60,1.5
340.63,440.63,1.5
340.89,440.64,1.5
341.16,440.65,1.5
341.42,440.64,1.5
341.67,440.66,1.5
341.92,440.68,1.5
342.18,440.71,1.5
342.44,440.74,1.5
342.69,440.76,1.5
342.94,440.78,1.5
343.19,440.80,1.5
343.44,440.83,1.5
343.69,440.86,1.5
343.92,440.91,1.5
344.15,440.94,1.5
344.38,440.96,1.5
344.60,440.97,1.5
344.83,440.97,1.5
345.06,440.99,1.5
345.28,441.01,1.5
345.51,441.04,1.5
345.73,441.05,1.5
345.96,441.05,1.5
346.18,441.05,1.5
346.40,441.03,1.5
346.61,440.98,1.5
346.82,440.89,1.5
347.02,440.78,1.5
347.21,440.65,1.5
347.40,440.52,1.5
347.58,440.38,1.5
347.76,440.23,1.5
347.93,440.08,1.5
348.10,439.90,1.5
348.27,439.72,1.5
348.41,439.52,1.5
348.54,439.32,1.5
348.65,439.10,1.5
348.76,438.87,1.5
348.85,438.63,1.5
348.94,438.39,1.5
349.01,438.14,1.5
349.06,437.88,1.5
349.10,437.62,1.5
349.12,437.38,1.5
349.14,437.18,1.5
349.17,437.02,1.5
349.22,436.88,1.5
349.28,436.74,1.5
349.35,436.61,1.5
349.42,436.49,1.5
349.50,436.37,1.5
349.59,436.25,1.5
349.69,436.15,1.5
349.78,436.06,1.5
349.85,435.98,1.5
349.88,435.89,1.5
349.90,435.81,1.5
349.92,435.75,1.5
349.94,435.71,1.5
349.98,435.67,1.5
350.07,435.60,1.5
350.20,435.52,1.5
350.32,435.43,1.5
350.40,435.33,1.5
350.46,435.20,1.5
350.49,435.04,1.5
350.45,434.85,1.5
350.37,434.64,1.5
350.25,434.41,1.5
350.11,434.18,1.5
349.97,433.95,1.5
349.84,433.73,1.5
349.71,433.53,1.5
349.58,433.35,1.5
349.43,433.18,1.5
349.26,433.04,1.5
349.05,432.90,1.5
348.83,432.77,1.5
348.75,432.73,1.5
348.60,432.62,1.5
348.55,432.51,1.5
348.51,432.39,1.5
348.49,432.26,1.5
348.50,432.12,1.5
348.56,431.97,1.5
348.65,431.80,1.5
348.76,431.62,1.5
348.88,431.42,1.5
349.03,431.23,1.5
349.18,431.05,1.5
349.35,430.86,1.5
349.53,430.66,1.5
349.71,430.46,1.5
349.89,430.25,1.5
350.07,430.06,1.5
350.24,429.89,1.5
350.42,429.71,1.5
350.61,429.53,1.5
350.80,429.35,1.5
351.01,429.16,1.5
351.22,428.96,1.5
351.43,428.76,1.5
351.63,428.57,1.5
351.83,428.38,1.5
352.04,428.19,1.5
352.25,427.99,1.5
352.45,427.80,1.5
352.65,427.61,1.5
352.84,427.41,1.5
353.02,427.20,1.5
353.21,427.00,1.5
353.40,426.79,1.5
353.58,426.59,1.5
353.76,426.38,1.5
353.94,426.18,1.5
354.12,425.99,1.5
354.29,425.80,1.5
354.45,425.62,1.5
354.63,425.44,1.5
354.80,425.25,1.5
354.96,425.06,1.5
355.12,424.86,1.5
355.29,424.66,1.5
355.45,424.45,1.5
355.61,424.25,1.5
355.78,424.04,1.5
355.94,423.84,1.5
356.09,423.65,1.5
356.26,423.47,1.5
356.42,423.29,1.5
356.58,423.11,1.5
356.73,422.93,1.5
356.88,422.74,1.5
357.03,422.56,1.5
357.19,422.37,1.5
357.36,422.18,1.5
357.52,421.99,1.5
357.68,421.80,1.5
357.84,421.61,1.5
358.01,421.42,1.5
358.19,421.23,1.5
358.36,421.03,1.5
358.53,420.83,1.5
358.68,420.64,1.5
358.83,420.43,1.5
358.98,420.22,1.5
359.13,419.98,1.5
359.28,419.73,1.5
359.43,419.50,1.5
359.57,419.29,1.5
359.72,419.08,1.5
359.87,418.87,1.5
360.02,418.67,1.5
360.18,418.46,1.5
360.34,418.26,1.5
360.50,418.05,1.5
360.64,417.84,1.5
360.78,417.63,1.5
360.92,417.42,1.5
361.06,417.20,1.5
361.19,416.98,1.5
361.32,416.76,1.5
361.44,416.55,1.5
361.57,416.35,1.5
361.69,416.15,1.5
361.82,415.96,1.5
361.95,415.76,1.5
362.07,415.58,1.5
362.20,415.40,1.5
362.32,415.21,1.5
362.44,415.04,1.5
362.56,414.86,1.5
362.70,414.69,1.5
362.84,414.51,1.5
362.98,414.33,1.5
363.11,414.16,1.5
363.25,413.99,1.5
363.40,413.82,1.5
363.54,413.65,1.5
363.66,413.48,1.5
363.78,413.29,1.5
363.91,413.10,1.5
364.03,412.92,1.5
364.14,412.73,1.5
364.28,412.55,1.5
364.43,412.37,1.5
364.59,412.20,1.5
364.75,412.03,1.5
364.91,411.85,1.5
365.06,411.66,1.5
365.21,411.47,1.5
365.38,411.27,1.5
365.54,411.07,1.5
365.69,410.86,1.5
365.86,410.66,1.5
366.03,410.47,1.5
366.21,410.28,1.5
366.39,410.10,1.5
366.56,409.91,1.5
366.73,409.72,1.5
366.90,409.54,1.5
367.06,409.36,1.5
367.24,409.19,1.5
367.42,409.02,1.5
367.60,408.86,1.5
367.79,408.71,1.5
367.97,408.55,1.5
368.17,408.39,1.5
368.36,408.23,1.5
368.55,408.08,1.5
368.73,407.93,1.5
368.90,407.77,1.5
369.05,407.60,1.5
369.21,407.41,1.5
369.37,407.22,1.5
369.51,407.02,1.5
369.64,406.83,1.5
369.76,406.62,1.5
369.86,406.41,1.5
369.98,406.20,1.5
370.10,405.98,1.5
370.24,405.75,1.5
370.40,405.51,1.5
370.60,405.28,1.5
370.81,405.06,1.5
371.03,404.86,1.5
371.26,404.66,1.5
371.48,404.46,1.5
371.71,404.26,1.5
371.93,404.06,1.5
372.16,403.86,1.5
372.38,403.65,1.5
372.60,403.45,1.5
372.83,403.26,1.5
373.07,403.07,1.5
373.30,402.87,1.5
373.53,402.67,1.5
373.77,402.46,1.5
374.00,402.26,1.5
374.24,402.06,1.5
374.48,401.87,1.5
374.71,401.68,1.5
374.95,401.49,1.5
375.18,401.29,1.5
375.41,401.09,1.5
375.64,400.88,1.5
375.86,400.68,1.5
376.08,400.47,1.5
376.30,400.26,1.5
376.52,400.05,1.5
376.74,399.84,1.5
376.95,399.62,1.5
377.16,399.41,1.5
377.38,399.19,1.5
377.59,398.97,1.5
377.80,398.76,1.5
378.01,398.54,1.5
378.22,398.32,1.5
378.43,398.10,1.5
378.63,397.88,1.5
378.84,397.65,1.5
379.05,397.43,1.5
379.25,397.21,1.5
379.45,396.99,1.5
379.65,396.76,1.5
379.87,396.50,1.5
380.05,396.27,1.5
380.23,396.05,1.5
380.41,395.82,1.5
380.59,395.59,1.5
380.77,395.36,1.5
380.95,395.12,1.5
381.12,394.89,1.5
381.30,394.65,1.5
381.48,394.41,1.5
381.64,394.17,1.5
381.78,393.93,1.5
381.99,393.75,1.5
382.19,393.55,1.5
382.38,393.33,1.5
382.56,393.09,1.5
382.74,392.85,1.5
382.92,392.61,1.5
383.10,392.37,1.5
383.28,392.14,1.5
383.46,391.92,1.5
383.60,391.72,1.5
383.73,391.53,1.5
383.87,391.36,1.5
384.02,391.20,1.5
384.18,391.07,1.5
384.34,390.94,1.5
384.53,390.80,1.5
384.70,390.66,1.5
384.82,390.48,1.5
384.95,390.31,1.5
385.13,390.15,1.5
385.32,389.99,1.5
385.53,389.82,1.5
385.74,389.64,1.5
385.96,389.47,1.5
386.18,389.30,1.5
386.39,389.13,1.5
386.61,388.95,1.5
386.82,388.77,1.5
387.04,388.59,1.5
387.26,388.41,1.5
387.48,388.23,1.5
387.70,388.04,1.5
387.92,387.85,1.5
388.14,387.65,1.5
388.35,387.43,1.5
388.56,387.20,1.5
388.76,386.97,1.5
388.96,386.73,1.5
389.16,386.49,1.5
389.35,386.26,1.5
389.56,386.05,1.5
389.76,385.83,1.5
389.96,385.60,1.5
390.12,385.36,1.5
390.21,385.10,1.5
390.34,384.83,1.5
390.51,384.59,1.5
390.68,384.37,1.5
390.87,384.16,1.5
391.05,383.96,1.5
391.24,383.76,1.5
391.43,383.56,1.5
391.62,383.36,1.5
391.82,383.16,1.5
392.01,382.95,1.5
392.20,382.74,1.5
392.39,382.51,1.5
392.58,382.27,1.5
392.76,382.04,1.5
392.94,381.79,1.5
393.11,381.54,1.5
393.27,381.29,1.5
393.44,381.05,1.5
393.61,380.82,1.5
393.78,380.59,1.5
393.95,380.38,1.5
394.13,380.16,1.5
394.30,379.95,1.5
394.48,379.72,1.5
394.65,379.49,1.5
394.82,379.26,1.5
394.99,379.04,1.5
395.17,378.83,1.5
395.35,378.61,1.5
395.53,378.39,1.5
395.71,378.18,1.5
395.89,377.97,1.5
396.07,377.76,1.5
396.25,377.55,1.5
396.43,377.34,1.5
396.62,377.14,1.5
396.80,376.93,1.5
396.99,376.71,1.5
397.18,376.51,1.5
397.37,376.30,1.5
397.55,376.10,1.5
397.74,375.89,1.5
397.93,375.69,1.5
398.11,375.48,1.5
398.29,375.27,1.5
398.47,375.06,1.5
398.66,374.84,1.5
398.85,374.61,1.5
399.03,374.39,1.5
399.22,374.17,1.5
399.42,373.95,1.5
399.62,373.74,1.5
399.82,373.53,1.5
400.02,373.33,1.5
400.22,373.12,1.5
400.41,372.91,1.5
400.61,372.69,1.5
400.81,372.47,1.5
401.00,372.24,1.5
401.18,371.99,1.5
401.34,371.72,1.5
401.46,371.48,1.5
401.43,371.27,1.5
401.46,371.04,1.5
401.55,370.83,1.5
401.70,370.63,1.5
401.88,370.44,1.5
402.07,370.24,1.5
402.26,370.03,1.5
402.46,369.82,1.5
402.65,369.62,1.5
402.86,369.41,1.5
403.06,369.20,1.5
403.27,368.99,1.5
403.47,368.75,1.5
403.65,368.50,1.5
403.75,368.40,1.5
403.88,368.50,1.5
404.08,368.45,1.5
404.25,368.27,1.5
404.38,368.04,1.5
404.60,367.90,1.5
404.82,367.72,1.5
405.02,367.49,1.5
405.17,367.26,1.5
405.11,367.10,1.5
405.03,366.92,1.5
405.05,366.74,1.5
405.13,366.56,1.5
405.23,366.38,1.5
