0.69
0.69
0.72
0.77
0.80
0.85
0.88
0.55
0.92
0.97
0.97
0.94
0.94
0.95
0.96
0.96
0.94
0.93
0.94
0.95
0.94
0.93
0.97
1.01
1.03
1.04
1.07
1.11
1.08
1.05
1.08
1.10
1.10
1.10
1.09
1.09
1.09
1.10
1.11
1.11
1.11
1.12
1.13
1.14
1.14
1.13
1.13
1.14
1.14
1.14
1.14
1.14
1.14
1.14
1.14
1.14
1.14
1.14
1.14
1.14
1.14
1.14
1.14
1.14
1.14
1.14
1.14
1.14
1.13
1.13
1.13
1.13
1.12
1.12
1.12
1.11
1.11
1.33
1.11
1.11
1.11
1.11
1.11
1.11
1.10
1.10
1.11
1.12
1.12
1.13
1.13
1.13
1.13
1.13
1.14
1.14
1.14
1.14
1.14
1.14
1.14
1.14
1.14
1.14
1.14
1.14
1.14
1.14
1.14
1.14
1.14
1.14
1.14
1.14
1.14
1.14
1.14
1.14
1.14
1.14
1.14
1.14
1.14
1.14
1.14
1.14
1.14
1.14
1.14
1.14
1.14
1.14
1.14
1.14
1.14
1.14
1.14
1.14
1.14
1.14
1.15
1.15
1.15
1.15
1.15
1.16
1.16
1.16
1.16
1.16
1.16
1.16
1.16
1.16
1.16
1.16
1.15
1.15
1.15
1.14
1.12
1.11
1.10
1.09
1.09
1.08
1.08
1.08
1.09
1.09
1.08
1.07
1.08
1.08
1.09
1.11
1.11
1.12
1.12
1.13
1.14
1.14
1.14
1.13
1.14
1.14
1.13
1.10
1.07
1.05
1.04
1.04
1.04
1.04
1.04
1.04
1.04
1.04
1.04
1.03
1.02
1.00
0.99
0.98
0.99
1.00
0.97
0.95
0.95
0.94
0.92
0.90
0.92
0.93
0.94
0.94
0.91
0.89
0.92
0.92
0.87
0.83
0.84
0.86
0.86
0.86
0.88
0.89
0.86
0.84
0.84
0.85
0.90
0.94
0.92
0.90
0.88
0.87
0.86
0.86
0.90
0.91
0.91
0.91
0.89
0.88
0.91
0.93
0.97
1.00
1.01
1.02
1.05
1.07
1.03
1.02
1.05
1.08
1.11
1.14
1.13
1.12
1.12
1.12
1.14
1.15
1.14
1.13
1.14
1.14
1.14
1.15
1.15
1.15
1.15
1.15
1.14
1.14
1.14
1.14
1.14
1.14
1.14
1.14
1.14
1.14
1.14
1.14
1.14
1.14
1.14
1.14
1.14
1.14
1.14
1.14
1.14
1.14
1.14
1.14
1.14
1.14
1.14
1.14
1.14
1.14
1.14
1.14
1.14
1.14
1.14
1.14
1.14
1.14
1.14
1.14
1.14
1.14
1.14
1.14
1.14
1.14
1.14
1.14
1.14
1.14
1.14
1.14
1.14
1.14
1.14
1.14
1.14
1.14
1.14
1.14
1.14
1.14
1.14
1.14
1.14
1.14
1.14
1.14
1.14
1.15
1.15
1.15
1.15
1.15
1.16
1.16
1.17
1.17
1.18
1.18
1.19
1.19
1.19
1.19
1.19
1.19
1.19
1.19
1.19
1.18
1.17
1.16
1.13
1.11
1.10
1.07
1.06
1.04
1.02
1.00
0.99
0.98
0.95
0.93
0.93
0.92
0.89
0.87
0.89
0.91
0.91
0.91
0.94
0.94
0.88
0.84
0.81
0.80
0.80
0.80
0.81
0.81
0.83
0.84
0.78
0.74
0.77
0.77
0.72
0.69
0.70
0.71
0.69
0.68
0.63
0.61
0.69
0.72
0.65
0.60
0.57
0.57
0.60
0.64
0.68
0.70
0.70
0.73
0.84
0.91
0.93
0.92
0.84
0.79
0.85
0.88
0.84
0.83
0.89
0.93
0.85
0.80
0.85
0.90
0.93
0.95
0.98
1.00
0.97
0.96
0.99
1.01
1.01
1.02
1.03
1.04
1.00
0.98
1.04
1.06
0.98
0.83
0.73
0.79
0.85
0.88
0.90
0.93
0.95
0.98
1.04
1.10
1.10
0.98
0.98
0.95
0.92
0.89
0.89
0.88
0.93
0.94
0.92
0.91
0.91
0.91
0.87
0.85
0.90
0.92
0.91
0.90
0.85
0.82
0.81
0.82
0.87
0.88
0.86
0.85
0.83
0.82
0.79
0.78
0.76
0.76
0.83
0.87
0.86
0.85
0.83
0.81
0.82
0.82
0.80
0.79
0.86
0.91
0.96
1.00
0.97
0.95
0.96
0.96
0.80
1.02
1.03
1.06
1.12
1.14
0.69
0.78
0.86
0.97
1.08
1.10
1.08
1.08
1.07
1.08
1.10
1.11
1.08
1.09
1.11
1.12
1.09
1.08
1.07
1.08
1.09
1.07
1.07
1.07
1.04
1.00
0.98
0.97
0.98
0.99
1.02
1.06
1.06
1.06
1.04
1.01
0.98
0.95
0.92
0.91
0.94
0.98
0.99
0.96
0.91
0.88
0.87
0.86
0.88
0.90
0.90
0.91
0.92
0.93
0.90
0.89
0.85
0.84
0.87
0.91
0.95
0.96
0.97
0.97
0.92
0.88
0.87
0.86
0.82
0.79
0.80
0.81
0.84
0.86
0.86
0.85
0.86
0.87
0.88
0.87
0.90
0.88
0.79
0.76
0.83
0.87
0.82
0.79
0.87
0.92
0.93
0.93
0.89
0.86
0.86
0.87
0.83
0.82
0.85
0.88
0.91
0.90
0.81
0.76
0.78
0.80
0.80
0.80
0.79
0.80
0.84
0.86
0.80
0.76
0.77
0.79
0.79
0.81
0.79
0.80
0.88
0.93
0.86
0.82
0.77
0.78
0.84
0.86
0.84
0.84
0.83
0.81
0.70
0.64
0.66
0.69
0.78
0.83
0.84
0.83
0.80
0.80
0.86
0.89
0.86
0.82
0.78
0.78
0.79
0.80
0.79
0.79
0.85
0.93
0.95
0.97
1.00
1.04
1.05
1.07
1.08
1.09
1.11
1.14
1.14
1.20
1.22
1.21
1.21
1.14
1.17
1.21
1.14
0.24
0.70
0.30
0.27
0.60
0.81
0.93
1.00
1.04
1.01
0.97
1.00
1.02
1.05
1.07
1.08
1.08
0.98
0.99
1.14
1.21
1.02
1.11
1.16
1.03
1.09
1.10
1.10
1.11
1.09
1.12
1.10
1.01
1.08
1.07
1.07
1.07
1.06
1.05
1.06
1.06
1.07
1.07
1.08
1.09
1.08
1.08
1.12
1.17
1.20
1.18
1.18
1.15
1.12
1.11
1.11
1.11
1.11
1.12
1.14
1.15
1.16
1.17
1.20
1.21
1.19
1.17
1.17
1.17
1.16
1.14
1.14
1.14
1.14
1.16
1.19
1.21
1.21
1.19
1.17
1.16
1.19
1.21
1.19
1.18
1.20
1.19
1.19
1.17
1.18
1.18
1.18
1.16
1.15
1.15
1.14
1.14
1.15
1.16
1.16
1.17
1.17
1.16
1.15
1.15
1.14
1.14
1.14
1.14
1.14
1.14
1.16
1.17
1.16
1.15
1.14
1.14
1.13
1.13
1.13
1.12
1.12
1.13
1.15
1.15
1.13
1.12
1.13
1.14
1.14
1.14
1.13
1.10
1.10
1.11
1.11
1.12
1.13
1.11
1.09
1.06
1.05
1.04
1.04
1.04
1.06
1.06
1.02
0.79
0.55
0.72
0.88
0.95
0.89
0.94
0.90
0.90
0.97
1.03
1.03
1.02
1.04
1.06
1.08
1.09
1.07
1.05
1.06
1.08
1.07
1.06
1.04
1.04
1.04
1.04
0.99
0.94
0.92
0.93
0.96
0.98
0.98
0.97
0.95
0.93
0.92
0.89
0.88
0.83
0.79
0.84
0.86
0.85
0.79
0.73
0.72
0.59
0.24
0.10
0.27
0.46
0.64
0.76
0.63
0.47
0.59
0.62
0.60
0.58
0.38
0.45
0.67
0.82
0.70
0.63
0.60
0.62
0.72
0.80
0.81
0.61
0.15
0.07
0.08
0.08
0.25
0.42
0.37
0.48
0.52
0.54
0.56
0.21
0.16
0.19
0.16
0.21
0.09
0.02
0.02
0.03
0.05
0.07
0.19
0.17
0.31
0.40
0.46
0.48
0.36
0.23
0.19
0.41
0.51
0.52
0.30
0.10
0.33
0.38
0.09
0.15
0.05
0.03
0.06
0.00
0.02
0.02
0.04
0.02
0.04
0.04
0.22
0.36
0.32
0.21
0.06
0.04
0.15
0.36
0.60
0.61
0.57
0.67
0.32
0.03
0.08
0.34
0.44
0.40
0.25
0.22
0.17
0.20
0.12
0.20
0.30
0.29
0.52
0.70
0.48
0.19
