306.02,567.60,1.5
306.08,567.43,1.5
306.14,567.27,1.5
306.22,567.09,1.5
306.30,566.91,1.5
306.38,566.71,1.5
306.48,566.51,1.5
306.54,566.39,1.5
306.59,566.17,1.5
306.53,565.93,1.5
306.39,565.74,1.5
306.23,565.57,1.5
306.08,565.38,1.5
305.95,565.19,1.5
305.84,564.97,1.5
305.73,564.76,1.5
305.63,564.54,1.5
305.54,564.33,1.5
305.44,564.12,1.5
305.34,563.90,1.5
305.23,563.69,1.5
305.13,563.48,1.5
305.03,563.26,1.5
304.92,563.03,1.5
304.81,562.80,1.5
304.69,562.57,1.5
304.57,562.33,1.5
304.46,562.08,1.5
304.36,561.83,1.5
304.28,561.58,1.5
304.20,561.32,1.5
304.12,561.06,1.5
304.04,560.79,1.5
303.98,560.52,1.5
303.92,560.26,1.5
303.86,559.99,1.5
303.81,559.72,1.5
303.75,559.46,1.5
303.69,559.18,1.5
303.64,558.91,1.5
303.59,558.64,1.5
303.55,558.36,1.5
303.50,558.08,1.5
303.45,557.80,1.5
303.41,557.52,1.5
303.36,557.24,1.5
303.32,556.96,1.5
303.27,556.68,1.5
303.23,556.40,1.5
303.18,556.11,1.5
303.13,555.83,1.5
303.09,555.55,1.5
303.04,555.27,1.5
303.00,554.99,1.5
302.95,554.70,1.5
302.91,554.42,1.5
302.86,554.14,1.5
302.81,553.86,1.5
302.77,553.58,1.5
302.72,553.30,1.5
302.67,553.02,1.5
302.63,552.74,1.5
302.58,552.45,1.5
302.53,552.17,1.5
302.49,551.89,1.5
302.44,551.61,1.5
302.40,551.33,1.5
302.35,551.05,1.5
302.29,550.77,1.5
302.24,550.49,1.5
302.17,550.22,1.5
302.11,549.95,1.5
302.04,549.67,1.5
301.98,549.40,1.5
301.91,549.13,1.5
301.85,548.86,1.5
301.79,548.59,1.5
301.71,548.26,1.5
301.65,547.99,1.5
301.58,547.72,1.5
301.52,547.45,1.5
301.46,547.18,1.5
301.40,546.91,1.5
301.34,546.64,1.5
301.28,546.37,1.5
301.22,546.10,1.5
301.17,545.83,1.5
301.11,545.55,1.5
301.06,545.28,1.5
301.01,545.00,1.5
300.96,544.72,1.5
300.92,544.44,1.5
300.87,544.16,1.5
300.83,543.88,1.5
300.78,543.60,1.5
300.74,543.32,1.5
300.69,543.04,1.5
300.65,542.76,1.5
300.60,542.48,1.5
300.56,542.20,1.5
300.52,541.91,1.5
300.47,541.63,1.5
300.43,541.35,1.5
300.38,541.07,1.5
300.34,540.79,1.5
300.29,540.51,1.5
300.25,540.22,1.5
300.20,539.94,1.5
300.16,539.66,1.5
300.12,539.38,1.5
300.07,539.10,1.5
300.02,538.82,1.5
299.98,538.54,1.5
299.93,538.25,1.5
299.89,537.97,1.5
299.84,537.69,1.5
299.80,537.41,1.5
299.75,537.13,1.5
299.71,536.85,1.5
299.67,536.57,1.5
299.62,536.28,1.5
299.58,536.00,1.5
299.53,535.72,1.5
299.49,535.44,1.5
299.44,535.16,1.5
299.40,534.88,1.5
299.35,534.59,1.5
299.31,534.31,1.5
299.26,534.03,1.5
299.22,533.75,1.5
299.18,533.47,1.5
299.13,533.19,1.5
299.09,532.90,1.5
299.04,532.62,1.5
299.00,532.34,1.5
298.95,532.06,1.5
298.91,531.78,1.5
298.87,531.49,1.5
298.82,531.21,1.5
298.78,530.93,1.5
298.73,530.65,1.5
298.69,530.36,1.5
298.64,530.08,1.5
298.60,529.80,1.5
298.56,529.51,1.5
298.51,529.23,1.5
298.47,528.94,1.5
298.43,528.65,1.5
298.39,528.36,1.5
298.35,528.08,1.5
298.31,527.79,1.5
298.27,527.50,1.5
298.23,527.21,1.5
298.20,526.92,1.5
298.16,526.64,1.5
298.12,526.35,1.5
298.09,526.06,1.5
298.05,525.78,1.5
298.01,525.50,1.5
297.98,525.21,1.5
297.96,524.93,1.5
297.93,524.66,1.5
297.92,524.38,1.5
297.90,524.11,1.5
297.88,523.84,1.5
297.85,523.57,1.5
297.83,523.30,1.5
297.80,523.03,1.5
297.77,522.76,1.5
297.75,522.49,1.5
297.72,522.22,1.5
297.69,521.96,1.5
297.66,521.69,1.5
297.62,521.42,1.5
297.59,521.15,1.5
297.55,520.87,1.5
297.51,520.60,1.5
297.47,520.32,1.5
297.43,520.05,1.5
297.38,519.77,1.5
297.34,519.49,1.5
297.30,519.20,1.5
297.25,518.92,1.5
297.21,518.64,1.5
297.17,518.36,1.5
297.12,518.08,1.5
297.08,517.80,1.5
297.03,517.53,1.5
296.99,517.27,1.5
296.95,517.01,1.5
296.90,516.75,1.5
296.86,516.50,1.5
296.81,516.24,1.5
296.77,515.98,1.5
296.73,515.73,1.5
296.69,515.47,1.5
296.65,515.21,1.5
296.61,514.96,1.5
296.57,514.70,1.5
296.53,514.45,1.5
296.49,514.20,1.5
296.45,513.95,1.5
296.41,513.70,1.5
296.38,513.46,1.5
296.34,513.22,1.5
296.29,512.97,1.5
296.25,512.73,1.5
296.20,512.50,1.5
296.16,512.27,1.5
296.11,512.04,1.5
296.07,511.81,1.5
296.04,511.59,1.5
296.00,511.36,1.5
295.95,511.13,1.5
295.91,510.90,1.5
295.86,510.67,1.5
295.82,510.45,1.5
295.78,510.23,1.5
295.74,510.01,1.5
295.70,509.78,1.5
295.66,509.57,1.5
295.61,509.37,1.5
295.56,509.16,1.5
295.51,508.95,1.5
295.47,508.74,1.5
295.44,508.53,1.5
295.40,508.31,1.5
295.36,508.09,1.5
295.32,507.88,1.5
295.28,507.67,1.5
295.23,507.47,1.5
295.17,507.26,1.5
295.12,507.04,1.5
295.08,506.81,1.5
295.04,506.59,1.5
294.98,506.37,1.5
294.92,506.16,1.5
294.85,505.95,1.5
294.78,505.74,1.5
294.72,505.54,1.5
294.66,505.32,1.5
294.60,505.10,1.5
294.55,504.88,1.5
294.48,504.66,1.5
294.43,504.45,1.5
294.37,504.23,1.5
294.31,504.02,1.5
294.24,503.79,1.5
294.17,503.56,1.5
294.09,503.32,1.5
294.01,503.08,1.5
293.93,502.84,1.5
293.84,502.60,1.5
293.75,502.35,1.5
293.66,502.10,1.5
293.58,501.86,1.5
293.50,501.61,1.5
293.42,501.36,1.5
293.34,501.09,1.5
293.27,500.81,1.5
293.20,500.54,1.5
293.14,500.26,1.5
293.10,499.99,1.5
293.05,499.71,1.5
293.01,499.43,1.5
292.97,499.15,1.5
292.93,498.87,1.5
292.89,498.58,1.5
292.86,498.30,1.5
292.82,498.02,1.5
292.79,497.74,1.5
292.75,497.45,1.5
292.72,497.17,1.5
292.68,496.88,1.5
292.65,496.60,1.5
292.61,496.31,1.5
292.58,496.03,1.5
292.55,495.75,1.5
292.51,495.46,1.5
292.48,495.18,1.5
292.44,494.90,1.5
292.41,494.62,1.5
292.37,494.33,1.5
292.34,494.05,1.5
292.30,493.77,1.5
292.27,493.48,1.5
292.24,493.20,1.5
292.20,492.92,1.5
292.17,492.64,1.5
292.13,492.35,1.5
292.10,492.07,1.5
292.06,491.79,1.5
292.03,491.50,1.5
291.99,491.22,1.5
291.95,490.94,1.5
291.92,490.65,1.5
291.88,490.37,1.5
291.85,490.09,1.5
291.81,489.81,1.5
291.78,489.52,1.5
291.74,489.24,1.5
291.70,488.96,1.5
291.67,488.67,1.5
291.63,488.39,1.5
291.60,488.11,1.5
291.56,487.83,1.5
291.52,487.54,1.5
291.49,487.26,1.5
291.45,486.98,1.5
291.41,486.70,1.5
291.38,486.41,1.5
291.34,486.13,1.5
291.30,485.85,1.5
291.26,485.56,1.5
291.23,485.28,1.5
291.19,485.00,1.5
291.15,484.72,1.5
291.11,484.43,1.5
291.08,484.15,1.5
291.04,483.87,1.5
291.00,483.59,1.5
290.96,483.30,1.5
290.93,483.02,1.5
290.89,482.74,1.5
290.85,482.46,1.5
290.81,482.17,1.5
290.77,481.89,1.5
290.73,481.61,1.5
290.70,481.33,1.5
290.66,481.04,1.5
290.62,480.76,1.5
290.58,480.48,1.5
290.54,480.20,1.5
290.50,479.91,1.5
290.46,479.63,1.5
290.42,479.35,1.5
290.38,479.07,1.5
290.34,478.78,1.5
290.30,478.50,1.5
290.26,478.22,1.5
290.22,477.94,1.5
290.18,477.65,1.5
290.14,477.37,1.5
290.10,477.09,1.5
290.06,476.80,1.5
290.02,476.52,1.5
289.98,476.24,1.5
289.93,475.95,1.5
289.89,475.67,1.5
289.85,475.38,1.5
289.81,475.10,1.5
289.76,474.81,1.5
289.72,474.52,1.5
289.68,474.23,1.5
289.63,473.94,1.5
289.59,473.64,1.5
289.55,473.35,1.5
289.51,473.06,1.5
289.46,472.76,1.5
289.42,472.47,1.5
289.37,472.17,1.5
289.32,471.88,1.5
289.28,471.59,1.5
289.23,471.30,1.5
289.18,471.00,1.5
289.13,470.71,1.5
289.08,470.42,1.5
289.03,470.14,1.5
288.98,469.86,1.5
288.93,469.59,1.5
288.87,469.32,1.5
288.82,469.05,1.5
288.75,468.80,1.5
288.69,468.55,1.5
288.62,468.30,1.5
288.57,468.05,1.5
288.52,467.81,1.5
288.46,467.57,1.5
288.41,467.34,1.5
288.36,467.11,1.5
288.31,466.89,1.5
288.25,466.67,1.5
288.18,466.45,1.5
288.11,466.25,1.5
288.03,466.04,1.5
287.94,465.83,1.5
287.85,465.63,1.5
287.75,465.42,1.5
287.63,465.21,1.5
287.51,465.02,1.5
287.39,464.83,1.5
287.27,464.66,1.5
287.14,464.50,1.5
287.02,464.35,1.5
286.89,464.20,1.5
286.75,464.05,1.5
286.62,463.89,1.5
286.48,463.74,1.5
286.33,463.60,1.5
286.18,463.46,1.5
286.03,463.33,1.5
285.89,463.21,1.5
285.75,463.08,1.5
285.61,462.95,1.5
285.47,462.84,1.5
285.32,462.74,1.5
285.17,462.65,1.5
285.02,462.56,1.5
284.88,462.47,1.5
284.74,462.37,1.5
284.62,462.27,1.5
284.50,462.17,1.5
284.37,462.06,1.5
284.24,461.93,1.5
284.12,461.82,1.5
284.01,461.72,1.5
283.89,461.64,1.5
283.77,461.57,1.5
283.64,461.50,1.5
283.49,461.44,1.5
283.34,461.35,1.5
283.19,461.26,1.5
283.04,461.19,1.5
282.87,461.13,1.5
282.67,461.06,1.5
282.45,460.99,1.5
282.23,460.92,1.5
282.01,460.85,1.5
281.81,460.78,1.5
281.62,460.71,1.5
281.43,460.63,1.5
281.22,460.55,1.5
281.03,460.48,1.5
280.83,460.43,1.5
280.61,460.37,1.5
280.38,460.32,1.5
280.18,460.27,1.5
279.98,460.23,1.5
279.78,460.17,1.5
279.57,460.10,1.5
279.34,460.05,1.5
279.11,460.00,1.5
278.87,459.96,1.5
278.62,459.90,1.5
278.39,459.85,1.5
278.15,459.81,1.5
277.90,459.79,1.5
277.65,459.78,1.5
277.40,459.77,1.5
277.15,459.74,1.5
276.89,459.72,1.5
276.63,459.71,1.5
276.38,459.71,1.5
276.14,459.73,1.5
275.88,459.75,1.5
275.61,459.77,1.5
275.37,459.78,1.5
275.16,459.81,1.5
274.99,459.88,1.5
274.80,459.94,1.5
274.59,459.95,1.5
274.37,459.93,1.5
274.15,459.88,1.5
273.93,459.84,1.5
273.69,459.79,1.5
273.45,459.74,1.5
273.20,459.68,1.5
272.93,459.63,1.5
272.66,459.60,1.5
272.42,459.65,1.5
272.18,459.70,1.5
271.94,459.71,1.5
271.71,459.71,1.5
271.49,459.68,1.5
271.27,459.66,1.5
271.05,459.63,1.5
270.82,459.59,1.5
270.59,459.55,1.5
270.36,459.51,1.5
270.14,459.47,1.5
269.91,459.42,1.5
269.69,459.37,1.5
269.48,459.34,1.5
269.27,459.32,1.5
269.04,459.31,1.5
268.81,459.30,1.5
268.58,459.29,1.5
268.36,459.29,1.5
268.15,459.29,1.5
267.94,459.29,1.5
267.74,459.29,1.5
267.54,459.29,1.5
267.32,459.28,1.5
267.10,459.27,1.5
266.89,459.30,1.5
266.67,459.33,1.5
266.47,459.34,1.5
266.26,459.34,1.5
266.06,459.34,1.5
265.87,459.34,1.5
265.68,459.34,1.5
265.49,459.32,1.5
265.28,459.31,1.5
265.07,459.30,1.5
264.85,459.28,1.5
264.64,459.26,1.5
264.44,459.24,1.5
264.23,459.22,1.5
264.03,459.21,1.5
263.82,459.20,1.5
263.62,459.20,1.5
263.43,459.20,1.5
263.21,459.20,1.5
262.98,459.19,1.5
262.75,459.20,1.5
262.50,459.20,1.5
262.25,459.20,1.5
262.01,459.20,1.5
261.78,459.24,1.5
261.55,459.30,1.5
261.36,459.38,1.5
261.12,459.47,1.5
260.89,459.58,1.5
260.64,459.66,1.5
260.36,459.73,1.5
260.09,459.81,1.5
259.96,459.92,1.5
259.96,460.12,1.5
259.85,460.30,1.5
259.67,460.46,1.5
259.44,460.61,1.5
259.20,460.75,1.5
258.95,460.86,1.5
258.70,460.96,1.5
258.45,461.04,1.5
258.19,461.12,1.5
257.93,461.22,1.5
257.67,461.31,1.5
257.42,461.41,1.5
257.17,461.51,1.5
256.92,461.65,1.5
256.69,461.80,1.5
256.47,461.96,1.5
256.24,462.10,1.5
256.01,462.23,1.5
255.78,462.38,1.5
255.55,462.54,1.5
255.35,462.71,1.5
255.15,462.88,1.5
254.94,463.05,1.5
254.73,463.20,1.5
254.51,463.33,1.5
254.30,463.45,1.5
254.08,463.56,1.5
253.86,463.67,1.5
253.64,463.78,1.5
253.42,463.91,1.5
253.20,464.06,1.5
252.99,464.21,1.5
252.77,464.37,1.5
252.56,464.52,1.5
252.36,464.68,1.5
252.17,464.82,1.5
251.97,464.95,1.5
251.77,465.06,1.5
251.56,465.17,1.5
251.36,465.28,1.5
251.14,465.40,1.5
250.93,465.53,1.5
250.73,465.65,1.5
250.53,465.77,1.5
250.34,465.88,1.5
250.15,465.98,1.5
249.96,466.10,1.5
249.77,466.21,1.5
249.58,466.33,1.5
249.39,466.45,1.5
249.21,466.58,1.5
249.02,466.71,1.5
248.84,466.85,1.5
248.66,466.99,1.5
248.49,467.13,1.5
248.32,467.26,1.5
248.15,467.39,1.5
247.96,467.51,1.5
247.77,467.63,1.5
247.58,467.77,1.5
247.40,467.92,1.5
247.21,468.08,1.5
247.02,468.23,1.5
246.83,468.36,1.5
246.65,468.48,1.5
246.46,468.59,1.5
246.27,468.70,1.5
246.09,468.80,1.5
245.92,468.90,1.5
245.76,469.01,1.5
245.59,469.13,1.5
245.42,469.25,1.5
245.24,469.36,1.5
245.06,469.48,1.5
244.88,469.61,1.5
244.71,469.74,1.5
244.53,469.86,1.5
244.36,470.00,1.5
244.20,470.15,1.5
244.02,470.29,1.5
243.84,470.41,1.5
243.67,470.52,1.5
243.51,470.61,1.5
243.35,470.74,1.5
243.19,470.89,1.5
243.04,471.04,1.5
242.91,471.18,1.5
242.74,471.32,1.5
242.56,471.46,1.5
242.37,471.59,1.5
242.17,471.72,1.5
241.99,471.84,1.5
241.80,471.95,1.5
241.62,472.06,1.5
241.43,472.17,1.5
241.25,472.28,1.5
241.08,472.39,1.5
240.90,472.50,1.5
240.71,472.62,1.5
240.52,472.75,1.5
240.33,472.87,1.5
240.16,472.97,1.5
240.00,473.07,1.5
239.84,473.18,1.5
239.67,473.30,1.5
239.50,473.40,1.5
239.33,473.50,1.5
239.15,473.58,1.5
238.96,473.66,1.5
238.77,473.75,1.5
238.58,473.85,1.5
238.41,473.94,1.5
238.24,474.04,1.5
238.08,474.14,1.5
237.92,474.25,1.5
237.74,474.35,1.5
237.57,474.45,1.5
237.39,474.54,1.5
237.21,474.64,1.5
237.02,474.74,1.5
236.82,474.86,1.5
236.64,474.97,1.5
236.47,475.09,1.5
236.34,475.23,1.5
236.24,475.40,1.5
236.10,475.56,1.5
235.93,475.70,1.5
235.76,475.81,1.5
235.57,475.91,1.5
235.39,476.02,1.5
235.22,476.13,1.5
235.08,476.23,1.5
234.95,476.32,1.5
234.82,476.42,1.5
234.68,476.53,1.5
234.51,476.63,1.5
234.33,476.73,1.5
234.14,476.82,1.5
233.95,476.89,1.5
233.76,476.95,1.5
233.56,477.00,1.5
233.36,477.08,1.5
233.16,477.17,1.5
232.96,477.25,1.5
232.77,477.34,1.5
232.59,477.41,1.5
232.40,477.46,1.5
232.22,477.54,1.5
232.05,477.63,1.5
231.87,477.73,1.5
231.70,477.82,1.5
231.50,477.90,1.5
231.28,477.97,1.5
231.05,478.03,1.5
230.82,478.11,1.5
230.60,478.21,1.5
230.37,478.34,1.5
230.14,478.47,1.5
229.90,478.59,1.5
229.65,478.70,1.5
229.41,478.82,1.5
229.18,478.97,1.5
228.94,479.14,1.5
228.73,479.32,1.5
228.53,479.54,1.5
228.30,479.75,1.5
228.08,479.96,1.5
227.86,480.17,1.5
227.68,480.38,1.5
227.51,480.62,1.5
227.31,480.85,1.5
227.10,481.05,1.5
227.11,481.10,1.5
227.29,481.08,1.5
227.36,481.11,1.5
227.34,481.17,1.5
227.25,481.30,1.5
227.10,481.44,1.5
226.91,481.57,1.5
226.69,481.69,1.5
226.46,481.81,1.5
226.24,481.92,1.5
226.01,482.01,1.5
225.78,482.10,1.5
225.54,482.18,1.5
225.29,482.28,1.5
225.04,482.38,1.5
224.80,482.49,1.5
224.56,482.62,1.5
224.36,482.76,1.5
224.19,482.94,1.5
223.97,483.12,1.5
223.74,483.32,1.5
223.55,483.49,1.5
223.31,483.62,1.5
223.07,483.79,1.5
222.91,483.99,1.5
222.75,484.20,1.5
222.55,484.40,1.5
222.34,484.58,1.5
222.12,484.75,1.5
221.90,484.91,1.5
221.68,485.08,1.5
221.47,485.25,1.5
221.33,485.47,1.5
221.18,485.69,1.5
220.99,485.88,1.5
220.78,486.04,1.5
220.56,486.20,1.5
220.34,486.35,1.5
220.12,486.50,1.5
219.90,486.64,1.5
219.68,486.78,1.5
219.45,486.93,1.5
219.23,487.07,1.5
219.00,487.22,1.5
218.77,487.37,1.5
218.55,487.51,1.5
218.32,487.66,1.5
218.09,487.82,1.5
217.86,488.00,1.5
217.63,488.19,1.5
217.43,488.41,1.5
217.23,488.63,1.5
217.01,488.81,1.5
216.79,488.98,1.5
216.56,489.14,1.5
216.33,489.29,1.5
216.10,489.45,1.5
215.87,489.60,1.5
215.64,489.75,1.5
215.40,489.91,1.5
215.16,490.07,1.5
214.93,490.24,1.5
214.69,490.41,1.5
214.45,490.59,1.5
214.22,490.79,1.5
214.00,490.98,1.5
213.76,491.16,1.5
213.53,491.33,1.5
213.29,491.51,1.5
213.05,491.67,1.5
212.82,491.83,1.5
212.58,491.99,1.5
212.34,492.14,1.5
212.10,492.29,1.5
211.86,492.46,1.5
211.62,492.63,1.5
211.38,492.82,1.5
211.16,493.02,1.5
210.93,493.22,1.5
210.69,493.39,1.5
210.46,493.56,1.5
210.22,493.74,1.5
209.98,493.92,1.5
209.75,494.11,1.5
209.51,494.29,1.5
209.27,494.47,1.5
209.03,494.65,1.5
208.79,494.82,1.5
208.55,494.99,1.5
208.31,495.15,1.5
208.07,495.32,1.5
207.82,495.49,1.5
207.58,495.65,1.5
207.34,495.80,1.5
207.09,495.95,1.5
206.85,496.10,1.5
206.60,496.25,1.5
206.36,496.40,1.5
206.12,496.56,1.5
205.88,496.72,1.5
205.63,496.88,1.5
205.39,497.05,1.5
205.15,497.20,1.5
204.90,497.36,1.5
204.66,497.51,1.5
204.42,497.66,1.5
204.17,497.80,1.5
203.93,497.95,1.5
203.69,498.10,1.5
203.44,498.25,1.5
203.20,498.40,1.5
202.96,498.56,1.5
202.71,498.72,1.5
202.47,498.87,1.5
202.23,499.03,1.5
201.98,499.18,1.5
201.74,499.33,1.5
201.50,499.47,1.5
201.26,499.62,1.5
201.02,499.77,1.5
200.78,499.91,1.5
200.54,500.06,1.5
200.30,500.21,1.5
200.06,500.37,1.5
199.82,500.53,1.5
199.58,500.68,1.5
199.35,500.83,1.5
199.11,500.99,1.5
198.87,501.15,1.5
198.64,501.31,1.5
198.40,501.46,1.5
198.17,501.63,1.5
197.94,501.77,1.5
197.70,501.92,1.5
197.47,502.07,1.5
197.24,502.22,1.5
197.01,502.38,1.5
196.79,502.56,1.5
196.58,502.74,1.5
196.36,502.90,1.5
196.14,503.05,1.5
195.91,503.18,1.5
195.69,503.31,1.5
195.46,503.44,1.5
195.23,503.56,1.5
195.00,503.69,1.5
194.77,503.83,1.5
194.56,503.97,1.5
194.40,504.08,1.5
194.37,504.22,1.5
194.31,504.39,1.5
194.19,504.57,1.5
194.04,504.76,1.5
193.91,504.94,1.5
193.84,505.16,1.5
193.78,505.38,1.5
193.74,505.60,1.5
193.64,505.82,1.5
193.49,506.03,1.5
193.32,506.22,1.5
193.15,506.41,1.5
192.98,506.61,1.5
192.79,506.79,1.5
192.58,506.95,1.5
192.34,507.09,1.5
192.11,507.22,1.5
191.87,507.33,1.5
191.62,507.43,1.5
191.37,507.53,1.5
191.12,507.62,1.5
190.87,507.71,1.5
190.62,507.79,1.5
190.38,507.88,1.5
190.14,507.97,1.5
189.90,508.07,1.5
189.67,508.17,1.5
189.45,508.26,1.5
189.23,508.33,1.5
189.01,508.39,1.5
188.77,508.46,1.5
188.54,508.53,1.5
188.30,508.58,1.5
188.06,508.62,1.5
187.83,508.67,1.5
187.60,508.72,1.5
187.38,508.77,1.5
187.16,508.83,1.5
186.96,508.90,1.5
186.76,508.98,1.5
186.57,509.03,1.5
186.36,509.06,1.5
186.15,509.10,1.5
185.95,509.16,1.5
185.77,509.25,1.5
185.64,509.37,1.5
185.53,509.52,1.5
185.48,509.66,1.5
185.45,509.71,1.5
185.44,509.73,1.5
185.40,509.78,1.5
185.31,509.85,1.5
185.16,509.92,1.5
184.99,510.00,1.5
184.84,510.06,1.5
184.77,510.15,1.5
184.67,510.26,1.5
184.53,510.32,1.5
184.38,510.32,1.5
184.23,510.32,1.5
184.14,510.36,1.5
184.10,510.46,1.5
183.96,510.56,1.5
183.78,510.65,1.5
183.63,510.74,1.5
183.53,510.86,1.5
183.42,510.96,1.5
183.28,511.03,1.5
183.14,511.13,1.5
183.01,511.29,1.5
182.86,511.42,1.5
182.72,511.49,1.5
182.70,511.52,1.5
182.72,511.51,1.5
182.73,511.50,1.5
182.72,511.48,1.5
182.68,511.43,1.5
182.59,511.37,1.5
182.50,511.34,1.5
182.39,511.36,1.5
182.26,511.36,1.5
182.12,511.34,1.5
181.99,511.38,1.5
181.95,511.41,1.5
181.95,511.37,1.5
181.93,511.33,1.5
181.89,511.33,1.5
181.86,511.37,1.5
181.85,511.40,1.5
181.85,511.39,1.5
181.85,511.39,1.5
181.84,511.39,1.5
181.85,511.38,1.5
181.84,511.36,1.5
181.80,511.33,1.5
181.76,511.34,1.5
181.75,511.41,1.5
181.74,511.51,1.5
181.67,511.61,1.5
181.61,511.71,1.5
181.64,511.79,1.5
181.65,511.85,1.5
181.61,511.83,1.5
181.51,511.79,1.5
181.39,511.79,1.5
181.27,511.86,1.5
181.20,511.88,1.5
181.21,511.86,1.5
181.25,511.79,1.5
181.29,511.71,1.5
181.30,511.69,1.5
181.29,511.72,1.5
181.28,511.73,1.5
181.27,511.74,1.5
181.26,511.75,1.5
181.26,511.75,1.5
181.27,511.75,1.5
181.27,511.75,1.5
181.26,511.75,1.5
181.26,511.76,1.5
181.25,511.75,1.5
181.24,511.76,1.5
181.21,511.81,1.5
181.15,511.87,1.5
181.10,511.93,1.5
181.06,511.96,1.5
181.04,511.96,1.5
181.03,511.97,1.5
181.01,511.94,1.5
180.94,511.88,1.5
180.80,511.82,1.5
180.66,511.77,1.5
180.54,511.85,1.5
180.48,512.01,1.5
180.46,512.09,1.5
180.46,512.08,1.5
180.45,512.10,1.5
180.40,512.17,1.5
180.36,512.27,1.5
180.36,512.37,1.5
180.34,512.43,1.5
180.30,512.47,1.5
180.26,512.49,1.5
180.21,512.50,1.5
180.19,512.51,1.5
180.14,512.52,1.5
180.06,512.53,1.5
179.99,512.55,1.5
179.86,512.54,1.5
179.69,512.52,1.5
179.58,512.47,1.5
179.55,512.43,1.5
