1.40
1.40
1.40
1.40
1.41
1.39
1.36
1.28
1.37
1.36
1.34
1.31
1.30
1.30
1.31
1.32
1.24
1.12
1.02
0.85
0.71
0.70
0.73
0.53
0.11
0.21
0.44
0.66
0.82
1.00
1.08
0.81
0.87
0.94
1.01
0.59
0.51
0.32
0.16
0.05
0.02
0.10
0.08
0.04
0.13
0.13
0.18
0.19
0.20
0.19
0.25
0.28
0.22
0.16
0.10
0.09
0.06
0.07
0.04
0.01
0.10
0.06
0.06
0.05
0.08
0.09
0.02
0.10
0.10
0.02
0.05
0.07
0.06
0.06
0.08
0.03
0.11
0.07
0.06
0.05
0.13
0.25
0.32
0.21
0.05
0.03
0.04
0.11
0.02
0.03
0.04
0.05
0.06
0.06
0.05
0.06
0.05
0.04
0.08
0.05
0.02
0.01
0.09
0.07
0.09
0.06
0.03
0.05
0.07
0.07
0.04
0.06
0.07
0.03
0.07
0.03
0.08
0.05
0.04
0.02
0.06
0.03
0.06
0.07
0.03
0.08
0.10
0.06
0.09
0.09
0.06
0.05
0.03
0.05
0.01
0.08
0.04
0.05
0.06
0.05
0.03
0.03
0.08
0.11
0.03
0.05
0.05
0.06
0.06
0.02
0.02
0.06
0.03
0.03
0.04
0.03
0.10
0.04
0.03
0.06
0.05
0.06
0.04
0.07
0.06
0.05
0.08
0.04
0.10
0.11
0.17
0.12
0.03
0.02
0.03
0.06
0.06
0.03
0.01
0.02
0.02
0.03
0.04
0.03
0.03
0.07
0.01
0.06
0.07
0.10
0.05
0.02
0.06
0.03
0.10
0.09
0.02
0.11
0.52
0.83
1.10
1.18
1.11
1.06
0.97
0.91
0.84
0.80
0.86
0.93
0.98
1.03
1.06
1.11
1.13
1.05
1.01
0.91
0.61
0.50
0.60
0.75
0.82
0.33
0.92
1.01
1.06
1.10
1.10
1.08
1.06
1.08
1.15
1.19
1.27
1.35
1.36
1.33
1.28
1.25
1.24
1.24
1.28
1.30
1.32
1.33
1.35
1.35
1.36
1.38
1.38
1.39
1.41
1.44
1.46
1.47
1.49
1.49
1.47
1.47
1.47
1.47
1.47
1.46
1.45
1.45
1.44
1.44
1.44
1.44
1.44
1.44
1.44
1.46
1.49
1.50
1.48
1.47
1.45
1.44
1.44
1.44
1.43
1.43
1.45
1.42
1.35
1.38
1.39
1.37
1.37
1.38
1.39
1.38
1.38
1.38
1.37
1.37
1.36
1.37
1.38
1.38
1.38
1.38
1.38
1.38
1.37
1.37
1.37
1.37
1.38
1.38
1.37
1.37
1.36
0.54
1.38
1.39
1.39
1.39
1.38
1.39
1.39
1.40
1.40
1.41
1.42
1.42
1.43
1.43
1.44
1.44
1.41
1.38
1.33
1.31
0.27
1.24
1.15
1.01
0.67
0.60
0.84
0.76
0.67
0.61
0.57
0.51
0.46
0.44
0.43
0.44
0.42
0.40
0.39
0.49
0.95
1.20
1.34
1.41
1.43
1.37
0.92
0.38
0.34
0.27
0.17
0.10
0.03
0.43
0.80
0.98
1.03
0.94
0.83
0.92
1.10
1.24
1.33
1.37
1.31
1.27
1.25
1.24
1.24
1.24
1.30
1.33
1.29
1.27
1.24
1.24
1.27
1.29
1.28
1.27
1.28
1.28
1.28
1.28
1.28
1.28
1.27
1.26
1.26
1.26
1.28
1.29
1.29
1.30
1.29
1.29
1.28
1.27
1.27
1.27
1.24
1.23
1.22
1.19
1.18
1.17
1.19
1.20
1.21
1.22
1.23
1.23
1.19
1.17
1.18
1.21
1.26
1.29
1.27
1.29
1.36
1.42
1.42
1.37
1.30
1.24
1.20
1.19
1.18
1.21
1.24
1.28
1.33
1.36
1.36
1.30
1.15
1.00
0.82
0.69
0.65
0.68
0.81
0.90
0.87
0.87
0.89
0.74
0.91
1.17
1.30
1.36
1.33
1.26
1.28
1.32
1.38
1.44
1.46
1.46
1.45
1.44
1.44
1.44
1.43
1.44
1.46
1.45
1.45
1.46
1.46
1.37
1.36
1.44
1.44
1.45
1.46
1.48
1.46
1.44
1.43
1.42
1.41
1.40
1.39
1.39
1.39
1.38
1.38
1.36
1.36
1.36
1.34
1.35
1.31
1.24
1.09
0.95
0.91
0.97
1.06
1.16
1.25
1.30
1.29
1.27
1.31
1.34
1.23
1.22
1.27
1.25
1.22
1.20
1.14
1.11
1.08
0.98
0.72
0.92
1.06
1.11
1.02
0.95
0.96
0.97
1.01
1.04
1.05
1.07
1.12
1.14
1.18
1.22
1.27
1.31
1.29
1.31
1.37
1.40
1.40
1.41
1.40
1.30
0.87
1.04
1.06
1.12
1.20
1.25
1.30
1.32
1.35
1.37
1.33
1.31
1.30
1.30
1.33
1.32
1.31
1.28
1.24
1.20
1.20
1.24
1.31
1.35
1.37
1.39
1.42
1.45
1.46
1.47
1.46
1.44
1.45
1.45
1.45
1.46
1.43
1.28
1.26
0.97
1.18
1.14
1.22
1.29
1.21
1.30
1.15
0.31
0.09
0.10
0.24
0.31
0.43
0.57
0.43
0.61
1.01
1.25
1.28
1.31
1.35
1.38
1.24
1.14
1.07
0.98
0.77
0.70
0.74
0.79
0.76
0.72
0.89
0.99
0.93
0.93
0.65
0.70
0.93
0.92
0.52
0.22
0.32
0.40
0.39
0.46
0.55
0.60
0.75
0.91
1.01
1.19
1.27
1.31
1.42
1.52
1.54
1.52
1.51
1.49
1.48
1.46
1.38
1.29
1.27
1.28
1.28
1.30
1.31
1.32
1.34
1.31
1.29
1.33
1.33
1.27
1.26
1.28
1.29
1.24
1.15
1.15
1.11
1.09
1.07
0.96
0.77
0.59
0.55
0.78
1.00
1.14
1.25
1.29
1.21
1.15
1.18
1.19
1.23
1.24
1.19
1.15
1.10
1.07
1.11
1.15
1.17
1.16
1.11
1.06
1.00
0.95
0.88
0.74
0.57
0.54
0.52
0.66
0.87
1.03
1.11
1.14
1.17
0.67
0.12
0.21
0.42
0.78
1.09
1.23
1.19
1.16
1.18
1.22
1.23
1.22
1.26
0.98
1.20
1.28
1.33
1.38
1.39
1.29
1.46
1.49
1.18
1.19
1.32
1.37
1.40
1.43
1.44
1.44
1.46
1.46
1.46
1.44
1.48
1.48
1.48
1.46
1.45
1.47
1.45
1.41
1.37
0.64
0.53
0.71
0.90
1.19
1.32
1.37
1.44
1.47
1.34
1.30
1.37
1.41
1.45
1.46
1.44
1.46
1.12
0.96
1.16
1.04
1.13
1.06
0.92
0.75
0.91
1.11
1.24
1.32
1.35
1.37
1.39
1.41
1.44
1.45
1.46
1.48
1.46
1.44
1.46
1.45
1.39
1.38
1.41
1.38
1.36
1.34
1.33
1.33
1.34
1.33
1.32
1.27
1.22
1.20
1.19
1.17
1.15
1.10
1.06
1.03
0.98
0.97
0.93
0.92
0.99
1.04
1.03
1.02
1.08
1.11
1.09
1.08
1.16
1.19
1.19
1.18
1.19
1.13
1.03
0.98
0.97
1.01
1.13
1.24
1.29
1.32
1.27
1.24
1.21
1.19
1.20
1.21
1.20
1.20
1.22
1.23
1.10
0.93
0.93
1.02
1.14
1.18
1.15
1.04
1.03
1.07
1.05
1.02
1.07
1.11
1.15
1.14
1.06
1.02
1.02
1.03
1.05
1.05
1.04
1.05
1.07
1.05
0.92
0.78
0.68
0.70
0.76
0.70
0.73
0.75
0.74
0.80
0.92
0.95
0.89
0.93
0.97
0.94
0.79
0.84
0.87
0.84
0.85
0.90
0.94
0.97
0.94
0.91
0.89
0.79
0.75
0.79
0.72
