1.02
1.02
1.02
1.02
1.02
1.02
1.02
1.02
1.02
1.02
1.02
1.02
1.02
1.02
1.02
1.02
1.02
1.02
1.02
1.02
1.02
1.02
1.02
1.02
1.02
1.02
1.02
1.02
1.02
1.02
1.02
1.02
1.02
1.02
1.02
1.02
1.02
1.02
1.02
1.02
1.02
1.02
1.02
1.02
1.02
1.02
1.02
1.02
1.02
1.02
1.02
1.02
1.02
1.02
1.02
1.02
1.02
1.02
1.02
1.02
1.02
1.02
1.02
1.02
1.02
1.02
1.02
1.02
1.02
1.02
1.02
1.02
1.02
1.02
1.02
1.02
1.02
1.02
1.02
1.02
1.02
1.02
1.02
1.02
1.02
1.01
0.99
0.98
0.96
0.95
0.94
0.94
0.93
0.93
0.93
0.94
0.95
0.93
0.92
0.93
0.93
0.93
0.93
0.94
0.94
0.92
0.92
0.93
0.93
0.92
0.91
0.92
0.92
0.92
0.92
0.92
0.93
0.92
0.93
0.93
0.93
0.92
0.91
0.90
0.89
0.92
0.93
0.92
0.91
0.92
0.93
0.90
0.88
0.87
0.86
0.88
0.88
0.87
0.85
0.84
0.84
0.84
0.84
0.82
0.82
0.84
0.86
0.85
0.84
0.82
0.80
0.81
0.82
0.81
0.80
0.82
0.82
0.74
0.70
0.77
0.81
0.78
0.76
0.77
0.78
0.80
0.80
0.76
0.73
0.74
0.75
0.75
0.75
0.81
0.84
0.78
0.75
0.75
0.74
0.78
0.80
0.75
0.78
0.81
0.84
0.90
0.78
0.74
0.74
0.75
0.15
0.73
0.72
0.73
0.73
0.74
0.74
0.71
0.69
0.72
0.75
0.73
0.71
0.73
0.75
0.75
0.75
0.78
0.80
0.80
0.81
0.80
0.80
0.79
0.77
0.76
0.75
0.80
0.84
0.83
0.83
0.83
0.83
0.79
0.77
0.76
0.76
0.79
0.81
0.79
0.78
0.78
0.78
0.79
0.80
0.79
0.78
0.79
0.79
0.77
0.76
0.74
0.73
0.74
0.75
0.76
0.76
0.80
0.82
0.75
0.72
0.78
0.81
0.77
0.74
0.74
0.74
0.75
0.76
0.72
0.69
0.69
0.69
0.70
0.71
0.77
0.80
0.75
0.72
0.71
0.72
0.77
0.80
0.76
0.74
0.73
0.74
0.71
0.70
0.71
0.71
0.74
0.77
0.79
0.81
0.81
0.78
0.75
0.73
0.71
0.70
0.64
0.62
0.62
0.65
0.72
0.30
0.73
0.75
0.76
0.84
0.18
0.88
0.91
0.92
0.93
0.93
0.91
0.90
0.91
0.92
0.91
0.90
0.90
0.90
0.90
0.90
0.90
0.90
0.88
0.87
0.85
0.84
0.82
0.81
0.80
0.80
0.84
0.87
0.85
0.84
0.84
0.84
0.81
0.79
0.79
0.80
0.83
0.85
0.84
0.82
0.81
0.81
0.84
0.86
0.85
0.84
0.84
0.85
0.82
0.81
0.79
0.78
0.81
0.83
0.85
0.86
0.90
0.92
0.86
0.82
0.88
0.91
0.89
0.87
0.87
0.88
0.90
0.91
0.89
0.87
0.86
0.85
0.82
0.80
0.83
0.85
0.81
0.79
0.80
0.81
0.87
0.91
0.88
0.85
0.83
0.82
0.80
0.80
0.81
0.82
0.85
0.87
0.90
0.92
0.95
0.97
0.97
0.97
0.95
0.93
0.90
0.88
0.89
0.89
0.93
0.95
0.94
0.93
0.95
0.97
0.99
1.00
0.97
0.96
0.96
0.96
0.97
0.97
0.95
0.94
0.94
0.95
0.96
0.96
0.97
0.98
0.97
0.97
0.96
0.96
0.96
0.96
0.97
0.97
0.97
0.97
0.95
0.93
0.95
0.96
0.97
0.77
0.96
0.99
1.01
0.41
0.97
0.90
0.86
0.51
0.85
0.85
0.88
0.90
0.89
0.88
0.85
0.83
0.83
0.83
0.82
0.83
0.85
0.86
0.86
0.85
0.85
0.85
0.85
0.85
0.84
0.84
0.83
0.83
0.82
0.82
0.84
0.85
0.85
0.84
0.84
0.84
0.83
0.82
0.82
0.82
0.84
0.85
0.85
0.86
0.87
0.89
0.90
0.90
0.87
0.86
0.75
0.27
0.36
0.49
0.65
0.73
0.63
0.30
0.48
0.57
0.79
0.90
0.83
0.78
0.69
0.61
0.69
0.67
0.73
0.79
0.82
0.85
0.81
0.75
