0.92
0.92
0.93
0.94
0.94
0.92
0.92
0.93
0.94
0.93
0.92
0.93
0.94
0.93
0.92
0.94
0.96
0.98
0.99
1.00
1.01
1.01
1.01
1.03
1.02
1.02
1.02
1.04
1.05
1.05
1.05
1.05
1.04
1.05
1.08
1.07
1.07
1.06
1.06
1.04
1.02
1.02
1.01
1.01
1.01
1.01
1.01
1.01
1.01
1.03
1.05
1.05
1.04
1.03
1.02
1.02
1.02
1.04
1.07
1.09
1.09
1.09
1.06
1.04
1.06
1.08
1.07
1.07
1.07
1.05
1.05
1.06
1.06
1.05
1.04
1.04
1.04
1.05
1.05
1.05
1.06
1.07
1.07
1.05
1.04
1.03
1.00
0.99
1.00
1.01
1.00
0.98
0.96
0.95
0.95
0.96
0.96
0.97
0.98
0.99
0.99
0.98
0.98
0.99
1.00
1.02
1.02
1.04
1.05
1.04
1.03
1.03
1.04
1.05
1.05
1.04
1.04
1.03
1.01
1.00
0.97
0.93
0.91
0.90
0.90
0.90
0.89
0.89
0.89
0.91
0.95
0.93
0.92
0.90
0.91
0.92
0.94
0.95
0.96
0.97
0.96
0.96
0.98
0.99
1.00
1.01
1.01
1.00
1.00
1.01
1.02
1.03
1.03
1.05
1.06
1.06
1.07
1.06
1.05
1.03
1.00
1.00
0.98
0.95
0.97
0.95
0.96
0.99
1.01
1.03
1.04
1.05
1.05
1.03
1.04
1.05
1.07
1.08
1.07
1.09
1.08
1.08
1.06
1.08
1.10
1.08
1.03
1.04
1.05
1.06
1.06
1.04
1.04
1.05
1.05
1.03
1.02
1.01
1.01
1.01
1.01
1.01
1.03
1.04
1.02
1.01
1.01
1.01
1.02
1.01
1.01
1.01
1.01
1.01
1.01
1.01
1.01
1.01
1.01
1.01
1.01
1.01
1.01
1.02
1.03
1.03
1.02
1.02
1.01
1.02
1.02
0.99
1.02
1.03
0.74
0.72
0.51
0.53
0.50
0.66
0.87
1.00
0.95
0.99
0.99
0.99
0.98
0.97
0.97
0.98
1.01
1.02
1.02
1.07
1.10
1.11
1.12
1.10
1.08
1.07
1.04
1.02
1.05
1.08
1.08
1.00
0.96
0.89
0.84
0.88
0.94
1.01
1.03
1.03
1.04
1.07
1.09
1.10
1.08
1.08
1.08
1.10
1.08
1.04
1.06
1.07
1.05
1.04
1.05
1.06
1.06
1.05
1.03
1.02
1.01
1.01
1.01
1.02
1.04
1.06
1.07
1.08
1.07
1.05
1.03
1.02
1.03
1.04
1.03
1.04
1.00
0.99
0.74
0.80
0.95
1.03
1.04
0.95
1.00
0.98
0.99
0.99
1.01
1.03
1.04
1.05
1.05
1.06
1.06
1.07
1.05
1.03
1.02
1.01
1.21
1.01
1.01
1.01
1.02
1.04
1.04
1.04
1.03
1.02
1.01
1.01
1.02
1.04
1.05
1.05
1.03
1.02
1.03
1.04
1.05
1.04
1.02
1.02
1.01
1.01
1.01
1.01
1.01
1.01
1.01
1.01
1.03
1.05
1.07
1.06
0.99
1.03
1.03
1.01
1.01
1.01
1.01
1.01
1.03
1.04
1.05
1.03
1.04
1.05
1.05
1.04
1.02
1.02
1.01
1.01
1.01
1.01
1.01
1.01
1.01
1.01
1.02
1.05
1.06
0.99
1.01
1.01
1.00
1.01
1.04
1.07
1.07
1.08
1.08
1.09
1.08
1.08
1.08
1.10
1.10
1.10
1.06
1.03
1.00
1.00
1.00
1.01
1.03
1.05
1.07
1.08
1.09
1.09
1.09
1.10
1.10
1.08
1.02
1.04
1.05
1.04
1.04
1.03
1.03
1.02
1.01
1.01
1.01
1.01
1.00
1.01
1.02
1.04
1.06
1.07
1.07
1.06
1.03
0.98
1.03
1.03
1.00
1.05
1.08
1.06
1.03
1.02
1.01
0.98
0.96
0.98
1.01
1.04
1.08
1.09
1.07
1.07
1.05
1.03
1.02
1.04
1.03
1.02
1.01
1.01
1.01
1.01
1.01
1.01
1.01
1.01
1.03
1.04
1.03
1.04
1.03
1.02
1.04
1.05
1.07
1.08
1.07
1.05
1.03
1.02
1.02
1.02
1.01
1.01
1.02
1.02
1.03
1.05
1.07
1.08
1.05
1.04
1.03
1.03
1.02
1.02
1.02
1.02
1.02
1.02
1.02
1.02
1.02
1.03
1.04
1.06
1.06
1.02
0.94
0.90
0.89
0.89
0.89
0.86
0.82
0.77
0.71
0.69
0.68
0.68
0.69
0.68
0.69
0.71
0.75
0.82
0.88
0.87
0.85
0.82
0.79
0.75
0.71
0.73
0.71
0.71
0.70
0.67
0.67
0.71
0.75
0.82
0.88
0.86
0.84
0.84
0.85
0.86
0.85
0.82
0.80
0.76
0.77
0.81
0.84
0.84
0.83
0.88
0.90
0.86
0.84
0.83
0.83
0.88
0.91
0.87
0.85
0.85
0.87
0.89
0.91
0.90
0.89
0.90
0.90
0.89
0.89
0.90
0.89
0.85
0.82
0.80
0.79
0.79
0.78
0.78
0.77
0.74
0.73
0.79
0.84
0.82
0.81
0.86
0.87
0.81
0.80
0.86
0.89
0.86
0.84
0.87
0.90
0.89
0.89
0.88
0.87
0.84
0.81
0.79
0.77
0.77
0.78
0.77
0.73
0.71
0.69
0.66
0.64
0.59
0.53
0.45
0.41
0.44
0.44
0.43
0.46
0.52
0.59
0.58
0.52
0.46
0.40
0.43
0.48
0.50
0.53
0.50
0.52
0.54
0.59
0.76
0.88
0.93
0.95
0.82
0.75
0.80
0.85
0.89
0.91
0.87
0.85
0.87
0.90
0.88
0.85
0.88
0.89
0.83
0.78
