1.06
1.06
1.06
1.06
1.05
1.05
1.05
1.05
1.06
1.05
1.04
1.03
1.03
1.03
1.02
1.04
1.05
1.05
1.05
1.04
1.04
1.02
1.01
1.02
1.03
1.02
1.01
1.04
1.07
1.07
1.07
1.05
1.03
1.05
1.06
1.05
1.04
1.03
1.03
1.05
1.06
1.04
1.03
1.03
1.03
1.03
1.03
1.04
1.04
1.04
1.04
1.03
1.02
1.02
1.02
1.01
0.99
1.00
1.00
1.00
1.00
0.99
0.99
1.02
1.04
1.04
1.04
1.05
1.07
1.07
1.06
1.07
1.07
1.08
1.08
1.07
1.06
1.05
1.04
1.04
1.04
1.03
1.02
1.02
1.03
1.03
1.03
1.04
1.05
1.05
1.04
1.04
1.04
1.03
1.02
1.02
1.02
1.03
1.03
1.04
1.05
1.03
1.02
1.01
1.01
1.02
1.03
1.05
1.07
1.05
1.03
1.03
1.04
1.03
1.03
1.05
1.06
1.04
1.02
1.01
1.01
1.02
1.03
1.05
1.07
1.07
1.06
1.06
1.05
1.04
1.04
1.04
1.05
1.05
1.05
1.05
1.06
1.06
1.06
1.05
1.05
1.04
1.04
1.03
1.03
1.03
1.03
1.03
1.03
1.03
1.04
1.04
1.05
1.05
1.05
1.03
1.01
1.01
1.02
1.05
1.07
1.08
1.09
1.08
1.08
1.08
1.07
1.06
1.04
1.04
1.05
1.03
1.02
1.02
1.01
1.01
1.01
1.01
1.02
1.01
1.01
1.01
1.01
0.99
0.97
1.00
1.03
1.01
1.00
1.00
0.99
0.96
0.94
0.93
0.92
0.93
0.94
0.94
0.95
0.95
0.96
0.97
0.98
0.96
0.94
0.94
0.94
0.97
1.00
1.02
1.03
1.01
0.99
0.98
0.98
0.98
0.99
0.99
0.97
0.97
0.97
0.98
0.98
0.99
0.99
0.96
0.93
0.91
0.90
0.92
0.95
0.99
1.02
1.03
1.03
1.02
1.01
1.02
1.02
1.02
1.01
1.01
1.00
1.00
0.99
0.97
0.95
0.92
0.90
0.91
0.93
0.94
0.94
0.94
0.94
0.90
0.87
0.89
0.91
0.93
0.94
0.93
0.92
0.92
0.93
0.95
0.96
0.96
0.97
0.97
0.98
0.99
1.01
0.98
0.96
0.95
0.94
0.95
0.95
0.95
0.96
0.96
0.96
0.96
0.97
1.00
1.03
0.98
0.94
0.92
0.90
0.90
0.91
0.95
0.97
0.99
1.00
1.00
1.00
0.97
0.95
0.94
0.94
0.91
0.89
0.89
0.89
0.89
0.90
0.88
0.87
0.90
0.92
0.93
0.92
0.91
0.89
0.90
0.92
0.95
0.97
0.96
0.94
0.89
0.86
0.86
0.86
0.89
0.90
0.88
0.85
0.79
0.73
0.72
0.73
0.74
0.75
0.77
0.79
0.76
0.74
0.83
0.92
0.97
1.00
0.97
0.94
0.96
0.98
0.92
0.86
0.84
0.83
0.85
0.88
0.91
0.94
0.93
0.92
0.93
0.92
0.86
0.76
0.64
0.54
0.53
0.54
0.64
0.73
0.91
1.07
1.12
1.12
1.14
1.13
1.11
1.09
1.09
1.08
1.05
1.02
1.06
1.12
1.11
1.14
1.22
1.18
1.14
1.10
1.06
1.02
0.98
0.96
0.92
0.88
0.18
0.71
0.69
0.81
0.89
0.95
1.01
1.02
1.01
1.00
0.98
0.97
0.96
0.96
0.90
0.86
0.85
0.86
0.88
0.90
0.90
0.90
0.89
0.89
0.88
0.87
0.89
0.91
0.91
0.90
0.94
0.99
0.99
0.99
1.03
1.04
0.99
0.96
0.97
0.99
1.02
1.04
1.07
1.06
1.04
1.02
1.03
1.04
1.05
1.03
0.97
1.03
1.04
1.04
1.05
1.06
1.07
1.09
1.13
1.09
1.02
1.12
1.14
1.15
1.14
1.12
1.13
1.13
1.13
1.14
1.14
1.16
1.15
1.14
1.19
1.21
1.21
1.21
1.19
1.16
1.17
1.15
1.14
1.14
1.14
1.14
1.15
1.17
1.17
1.15
1.15
1.16
1.17
1.18
1.18
1.18
1.16
1.17
1.17
1.17
1.15
1.15
1.14
1.14
1.14
1.14
1.14
1.14
1.14
1.14
1.14
1.14
1.14
1.14
1.14
1.14
1.14
1.14
1.14
1.15
1.18
1.22
1.21
1.20
1.17
1.16
1.14
1.14
1.14
1.13
1.12
1.11
1.09
1.08
1.08
1.08
1.08
1.08
1.08
1.09
1.09
1.09
1.11
1.13
1.15
1.14
1.13
1.12
1.12
1.12
1.13
1.14
1.14
1.13
1.13
1.13
1.14
1.16
1.15
1.14
1.12
1.11
1.09
1.09
1.09
1.09
1.08
1.09
1.09
1.08
1.06
1.05
1.03
1.02
1.01
1.02
1.03
1.05
1.03
1.00
0.99
0.97
0.98
0.99
0.96
0.94
0.96
0.98
0.96
0.94
0.94
0.94
0.94
0.95
0.97
0.98
1.00
1.00
0.97
0.95
0.94
0.93
0.92
0.91
0.91
0.91
0.90
0.89
0.85
0.82
0.82
0.83
0.86
0.88
0.85
0.83
0.84
0.84
0.79
0.76
0.82
0.88
0.90
0.90
0.87
0.85
0.86
0.89
0.92
0.95
0.91
0.88
0.94
1.00
1.00
1.00
1.03
1.06
1.06
1.03
0.99
0.94
0.94
0.95
0.91
0.88
0.88
0.94
0.92
0.88
0.91
0.93
0.92
0.89
0.84
0.82
0.80
0.79
0.79
0.76
0.77
0.76
0.74
0.74
0.75
0.78
0.83
0.87
0.87
0.90
0.91
0.88
0.86
0.86
0.86
0.87
0.93
0.97
0.98
0.98
0.97
0.97
0.89
0.82
0.80
0.80
0.81
0.81
0.82
0.82
0.79
0.77
0.76
0.77
0.86
0.93
0.93
0.91
0.84
0.95
0.80
0.81
0.85
0.86
0.79
0.76
0.81
0.84
0.79
0.74
0.72
0.73
0.77
0.79
0.73
0.70
0.74
0.77
0.73
0.70
0.69
0.71
0.84
0.91
0.91
0.87
0.77
0.70
0.68
0.66
0.63
0.64
0.69
0.72
0.67
0.67
0.77
0.84
0.86
0.85
0.76
0.71
0.70
0.71
0.75
0.77
0.77
0.77
0.70
0.65
0.67
0.68
0.74
0.78
0.70
0.65
0.62
0.63
0.78
0.88
0.81
0.74
0.72
0.70
0.69
0.66
0.61
0.55
0.53
0.56
0.62
0.68
0.71
0.71
0.64
0.58
0.57
0.61
0.71
0.77
0.72
0.66
0.70
0.72
0.52
0.14
0.25
0.04
0.11
0.02
0.33
0.62
0.63
0.14
0.35
0.25
0.02
0.07
0.29
0.40
0.28
0.13
0.04
0.09
0.12
0.12
0.09
0.17
0.29
0.29
0.42
0.57
0.53
0.48
0.46
0.31
0.09
0.10
0.28
0.38
0.25
0.21
0.42
0.55
0.35
0.38
0.57
0.62
0.43
0.32
0.38
0.49
0.60
0.64
0.68
0.71
0.77
0.80
0.77
0.75
0.78
0.78
0.76
0.78
0.88
0.95
