306.10,570.17,1.5
306.10,569.98,1.5
306.11,569.78,1.5
306.11,569.59,1.5
306.12,569.40,1.5
306.12,569.21,1.5
306.13,569.02,1.5
306.14,568.83,1.5
306.14,568.64,1.5
306.15,568.44,1.5
306.16,568.25,1.5
306.17,568.06,1.5
306.18,567.87,1.5
306.19,567.68,1.5
306.20,567.49,1.5
306.22,567.30,1.5
306.25,567.11,1.5
306.28,566.93,1.5
306.32,566.74,1.5
306.37,566.55,1.5
306.42,566.35,1.5
306.43,566.31,1.5
306.49,566.14,1.5
306.54,566.01,1.5
306.63,566.02,1.5
306.77,566.00,1.5
306.86,565.94,1.5
306.82,565.86,1.5
306.87,565.75,1.5
306.97,565.64,1.5
307.12,565.53,1.5
307.24,565.42,1.5
307.24,565.29,1.5
307.22,565.15,1.5
307.26,565.02,1.5
307.36,564.91,1.5
307.50,564.81,1.5
307.67,564.74,1.5
307.84,564.67,1.5
308.02,564.63,1.5
308.21,564.60,1.5
308.40,564.57,1.5
308.58,564.54,1.5
308.77,564.51,1.5
308.95,564.48,1.5
309.14,564.45,1.5
309.33,564.42,1.5
309.53,564.39,1.5
309.72,564.35,1.5
309.91,564.32,1.5
310.09,564.29,1.5
310.28,564.27,1.5
310.47,564.24,1.5
310.65,564.21,1.5
310.84,564.18,1.5
311.03,564.15,1.5
311.21,564.13,1.5
311.40,564.10,1.5
311.58,564.07,1.5
311.77,564.04,1.5
311.95,564.02,1.5
312.14,563.99,1.5
312.33,563.96,1.5
312.51,563.91,1.5
312.69,563.86,1.5
312.87,563.81,1.5
313.05,563.76,1.5
313.21,563.72,1.5
313.36,563.73,1.5
313.51,563.77,1.5
313.65,563.83,1.5
313.79,563.88,1.5
313.95,563.87,1.5
314.08,563.90,1.5
314.23,564.03,1.5
314.42,564.10,1.5
314.59,564.07,1.5
314.69,563.97,1.5
314.74,563.83,1.5
314.77,563.67,1.5
314.78,563.50,1.5
314.78,563.32,1.5
314.78,563.13,1.5
314.78,562.93,1.5
314.78,562.73,1.5
314.77,562.53,1.5
314.76,562.34,1.5
314.74,562.14,1.5
314.73,561.94,1.5
314.71,561.75,1.5
314.69,561.55,1.5
314.68,561.36,1.5
314.66,561.16,1.5
314.63,560.97,1.5
314.59,560.77,1.5
314.56,560.60,1.5
314.65,560.52,1.5
314.79,560.40,1.5
314.87,560.23,1.5
314.91,560.05,1.5
314.92,559.87,1.5
314.91,559.68,1.5
314.89,559.49,1.5
314.87,559.29,1.5
314.85,559.09,1.5
314.82,558.88,1.5
314.79,558.68,1.5
314.76,558.47,1.5
314.72,558.26,1.5
314.68,558.06,1.5
314.64,557.85,1.5
314.60,557.65,1.5
314.56,557.45,1.5
314.52,557.26,1.5
314.48,557.07,1.5
314.44,556.88,1.5
314.40,556.69,1.5
314.35,556.52,1.5
314.31,556.35,1.5
314.26,556.18,1.5
314.22,556.01,1.5
314.19,555.84,1.5
314.15,555.67,1.5
314.11,555.50,1.5
314.08,555.33,1.5
314.05,555.15,1.5
314.03,554.97,1.5
314.01,554.78,1.5
313.98,554.59,1.5
313.96,554.40,1.5
313.93,554.20,1.5
313.91,554.01,1.5
313.89,553.82,1.5
313.87,553.62,1.5
313.85,553.43,1.5
313.83,553.24,1.5
313.81,553.04,1.5
313.79,552.85,1.5
313.77,552.66,1.5
313.75,552.47,1.5
313.73,552.27,1.5
313.72,552.08,1.5
313.70,551.89,1.5
313.68,551.70,1.5
313.66,551.50,1.5
313.65,551.31,1.5
313.63,551.12,1.5
313.61,550.92,1.5
313.60,550.73,1.5
313.59,550.53,1.5
313.56,550.34,1.5
313.53,550.14,1.5
313.49,549.95,1.5
313.42,549.82,1.5
313.32,549.69,1.5
313.27,549.53,1.5
313.25,549.37,1.5
313.24,549.21,1.5
313.20,549.09,1.5
313.13,548.98,1.5
313.10,548.85,1.5
313.08,548.71,1.5
313.07,548.57,1.5
313.06,548.42,1.5
313.03,548.27,1.5
312.97,548.13,1.5
312.91,547.98,1.5
312.87,547.83,1.5
312.83,547.67,1.5
312.81,547.51,1.5
312.79,547.35,1.5
312.77,547.19,1.5
312.76,547.03,1.5
312.74,546.87,1.5
312.73,546.70,1.5
312.72,546.54,1.5
312.71,546.37,1.5
312.70,546.20,1.5
312.68,546.02,1.5
312.67,545.85,1.5
312.65,545.66,1.5
312.64,545.48,1.5
312.62,545.30,1.5
312.61,545.10,1.5
312.60,544.91,1.5
312.58,544.72,1.5
312.57,544.53,1.5
312.55,544.34,1.5
312.53,544.15,1.5
312.51,543.96,1.5
312.49,543.77,1.5
312.47,543.59,1.5
312.45,543.40,1.5
312.43,543.22,1.5
312.40,543.03,1.5
312.38,542.84,1.5
312.36,542.65,1.5
312.34,542.46,1.5
312.32,542.27,1.5
312.29,542.09,1.5
312.27,541.90,1.5
312.25,541.71,1.5
312.23,541.53,1.5
312.21,541.34,1.5
312.19,541.15,1.5
312.16,540.96,1.5
312.14,540.78,1.5
312.12,540.59,1.5
312.10,540.40,1.5
312.07,540.22,1.5
312.05,540.03,1.5
312.03,539.84,1.5
312.01,539.65,1.5
311.98,539.47,1.5
311.96,539.28,1.5
311.94,539.09,1.5
311.92,538.91,1.5
311.89,538.72,1.5
311.87,538.53,1.5
311.83,538.33,1.5
311.79,538.14,1.5
311.75,537.95,1.5
311.72,537.76,1.5
311.70,537.57,1.5
311.67,537.38,1.5
311.65,537.19,1.5
311.63,537.01,1.5
311.60,536.82,1.5
311.58,536.63,1.5
311.56,536.45,1.5
311.54,536.26,1.5
311.51,536.07,1.5
311.49,535.88,1.5
311.47,535.70,1.5
311.45,535.51,1.5
311.42,535.32,1.5
311.40,535.14,1.5
311.38,534.95,1.5
311.36,534.76,1.5
311.33,534.58,1.5
311.31,534.39,1.5
311.29,534.20,1.5
311.26,534.01,1.5
311.24,533.83,1.5
311.22,533.64,1.5
311.20,533.45,1.5
311.17,533.27,1.5
311.15,533.08,1.5
311.13,532.89,1.5
311.10,532.70,1.5
311.08,532.52,1.5
311.06,532.33,1.5
311.04,532.14,1.5
311.01,531.96,1.5
310.99,531.77,1.5
310.97,531.58,1.5
310.94,531.40,1.5
310.92,531.21,1.5
310.90,531.02,1.5
310.87,530.83,1.5
310.85,530.65,1.5
310.83,530.46,1.5
310.80,530.27,1.5
310.78,530.09,1.5
310.76,529.90,1.5
310.74,529.71,1.5
310.71,529.52,1.5
310.69,529.34,1.5
310.66,529.15,1.5
310.62,528.95,1.5
310.58,528.76,1.5
310.54,528.57,1.5
310.51,528.38,1.5
310.48,528.19,1.5
310.46,528.00,1.5
310.43,527.81,1.5
310.41,527.63,1.5
310.39,527.44,1.5
310.36,527.25,1.5
310.34,527.07,1.5
310.32,526.88,1.5
310.30,526.69,1.5
310.27,526.51,1.5
310.25,526.32,1.5
310.23,526.13,1.5
310.20,525.94,1.5
310.18,525.76,1.5
310.16,525.57,1.5
310.13,525.38,1.5
310.11,525.20,1.5
310.09,525.01,1.5
310.06,524.82,1.5
310.02,524.63,1.5
309.98,524.43,1.5
309.93,524.24,1.5
309.90,524.05,1.5
309.87,523.86,1.5
309.84,523.67,1.5
309.82,523.49,1.5
309.79,523.30,1.5
309.77,523.11,1.5
309.75,522.93,1.5
309.73,522.74,1.5
309.70,522.55,1.5
309.68,522.36,1.5
309.66,522.18,1.5
309.63,521.99,1.5
309.61,521.80,1.5
309.59,521.62,1.5
309.56,521.43,1.5
309.54,521.24,1.5
309.52,521.05,1.5
309.49,520.87,1.5
309.47,520.68,1.5
309.45,520.49,1.5
309.42,520.31,1.5
309.40,520.12,1.5
309.38,519.93,1.5
309.35,519.74,1.5
309.33,519.56,1.5
309.31,519.37,1.5
309.29,519.18,1.5
309.26,519.00,1.5
309.24,518.81,1.5
309.22,518.62,1.5
309.19,518.44,1.5
309.17,518.25,1.5
309.15,518.06,1.5
309.12,517.87,1.5
309.10,517.69,1.5
309.08,517.50,1.5
309.05,517.31,1.5
309.03,517.13,1.5
309.00,516.94,1.5
308.98,516.75,1.5
308.95,516.56,1.5
308.91,516.37,1.5
308.88,516.18,1.5
308.85,515.99,1.5
308.82,515.81,1.5
308.79,515.62,1.5
308.75,515.42,1.5
308.72,515.24,1.5
308.70,515.05,1.5
308.67,514.86,1.5
308.65,514.67,1.5
308.62,514.48,1.5
308.60,514.30,1.5
308.58,514.11,1.5
308.55,513.92,1.5
308.53,513.74,1.5
308.51,513.55,1.5
308.48,513.36,1.5
308.46,513.18,1.5
308.43,512.99,1.5
308.39,512.80,1.5
308.36,512.61,1.5
308.34,512.42,1.5
308.31,512.23,1.5
308.29,512.04,1.5
308.26,511.85,1.5
308.24,511.67,1.5
308.22,511.48,1.5
308.19,511.29,1.5
308.17,511.11,1.5
308.15,510.92,1.5
308.12,510.73,1.5
308.10,510.55,1.5
308.08,510.36,1.5
308.05,510.17,1.5
308.03,509.98,1.5
308.01,509.80,1.5
307.98,509.61,1.5
307.96,509.42,1.5
307.94,509.24,1.5
307.91,509.05,1.5
307.89,508.86,1.5
307.87,508.68,1.5
307.84,508.49,1.5
307.82,508.30,1.5
307.79,508.11,1.5
307.77,507.93,1.5
307.75,507.74,1.5
307.72,507.55,1.5
307.70,507.37,1.5
307.68,507.18,1.5
307.65,506.99,1.5
307.63,506.80,1.5
307.59,506.61,1.5
307.56,506.42,1.5
307.53,506.24,1.5
307.50,506.05,1.5
307.48,505.86,1.5
307.45,505.67,1.5
307.43,505.49,1.5
307.41,505.30,1.5
307.38,505.11,1.5
307.36,504.92,1.5
307.34,504.74,1.5
307.31,504.55,1.5
307.29,504.36,1.5
307.26,504.18,1.5
307.24,503.99,1.5
307.22,503.80,1.5
307.19,503.62,1.5
307.17,503.43,1.5
307.14,503.24,1.5
307.12,503.05,1.5
307.10,502.87,1.5
307.07,502.68,1.5
307.05,502.49,1.5
307.02,502.31,1.5
307.00,502.12,1.5
306.98,501.93,1.5
306.95,501.75,1.5
306.93,501.56,1.5
306.90,501.37,1.5
306.88,501.19,1.5
306.86,501.00,1.5
306.83,500.81,1.5
306.81,500.62,1.5
306.78,500.44,1.5
306.76,500.25,1.5
306.73,500.06,1.5
306.71,499.88,1.5
306.69,499.69,1.5
306.66,499.50,1.5
306.64,499.32,1.5
306.61,499.13,1.5
306.59,498.94,1.5
306.56,498.76,1.5
306.54,498.57,1.5
306.51,498.38,1.5
306.48,498.19,1.5
306.45,498.00,1.5
306.40,497.81,1.5
306.35,497.61,1.5
306.30,497.42,1.5
306.26,497.24,1.5
306.23,497.05,1.5
306.20,496.85,1.5
306.16,496.66,1.5
306.12,496.47,1.5
306.09,496.28,1.5
306.06,496.09,1.5
306.03,495.90,1.5
306.01,495.71,1.5
305.98,495.53,1.5
305.96,495.34,1.5
305.94,495.15,1.5
305.91,494.96,1.5
305.87,494.77,1.5
305.84,494.58,1.5
305.81,494.39,1.5
305.79,494.20,1.5
305.76,494.02,1.5
305.74,493.83,1.5
305.72,493.64,1.5
305.69,493.46,1.5
305.67,493.27,1.5
305.65,493.08,1.5
305.63,492.89,1.5
305.60,492.71,1.5
305.58,492.52,1.5
305.56,492.33,1.5
305.52,492.14,1.5
305.49,491.95,1.5
305.45,491.76,1.5
305.41,491.57,1.5
305.37,491.38,1.5
305.33,491.18,1.5
305.29,490.99,1.5
305.25,490.79,1.5
305.20,490.60,1.5
305.16,490.41,1.5
305.13,490.22,1.5
305.10,490.03,1.5
305.08,489.84,1.5
305.06,489.65,1.5
305.04,489.46,1.5
305.01,489.28,1.5
304.99,489.09,1.5
304.97,488.90,1.5
304.95,488.72,1.5
304.93,488.53,1.5
304.91,488.34,1.5
304.89,488.15,1.5
304.86,487.97,1.5
304.84,487.78,1.5
304.82,487.59,1.5
304.78,487.40,1.5
304.75,487.21,1.5
304.72,487.02,1.5
304.70,486.83,1.5
304.68,486.65,1.5
304.65,486.46,1.5
304.63,486.27,1.5
304.61,486.08,1.5
304.59,485.90,1.5
304.57,485.71,1.5
304.54,485.52,1.5
304.52,485.33,1.5
304.50,485.15,1.5
304.48,484.96,1.5
304.45,484.77,1.5
304.43,484.59,1.5
304.41,484.40,1.5
304.39,484.21,1.5
304.36,484.02,1.5
304.34,483.84,1.5
304.31,483.65,1.5
304.27,483.46,1.5
304.24,483.27,1.5
304.21,483.08,1.5
304.19,482.89,1.5
304.15,482.70,1.5
304.11,482.51,1.5
304.04,482.35,1.5
303.94,482.19,1.5
303.87,482.02,1.5
303.82,481.83,1.5
303.79,481.65,1.5
303.75,481.46,1.5
303.72,481.26,1.5
303.68,481.06,1.5
303.65,480.87,1.5
303.63,480.68,1.5
303.61,480.49,1.5
303.60,480.30,1.5
303.59,480.11,1.5
303.58,479.92,1.5
303.57,479.73,1.5
303.56,479.55,1.5
303.54,479.36,1.5
303.52,479.17,1.5
303.51,478.98,1.5
303.49,478.79,1.5
303.47,478.61,1.5
303.45,478.42,1.5
303.43,478.23,1.5
303.40,478.04,1.5
303.36,477.85,1.5
303.31,477.67,1.5
303.23,477.50,1.5
303.14,477.33,1.5
303.08,477.15,1.5
303.05,476.96,1.5
303.02,476.76,1.5
302.99,476.57,1.5
302.98,476.37,1.5
302.97,476.18,1.5
302.97,475.99,1.5
302.97,475.80,1.5
302.97,475.61,1.5
302.97,475.42,1.5
302.96,475.23,1.5
302.93,475.04,1.5
302.90,474.85,1.5
302.86,474.65,1.5
302.82,474.46,1.5
302.80,474.27,1.5
302.78,474.08,1.5
302.76,473.89,1.5
302.74,473.70,1.5
302.71,473.51,1.5
302.69,473.32,1.5
302.66,473.12,1.5
302.61,472.93,1.5
302.57,472.74,1.5
302.55,472.55,1.5
302.53,472.36,1.5
302.53,472.17,1.5
302.52,471.98,1.5
302.50,471.80,1.5
302.49,471.61,1.5
302.47,471.42,1.5
302.45,471.23,1.5
302.43,471.04,1.5
302.41,470.86,1.5
302.39,470.67,1.5
302.38,470.48,1.5
302.36,470.29,1.5
302.34,470.11,1.5
302.32,469.92,1.5
302.29,469.73,1.5
302.27,469.55,1.5
302.25,469.36,1.5
302.22,469.17,1.5
302.19,468.98,1.5
302.14,468.79,1.5
302.07,468.61,1.5
302.01,468.43,1.5
301.97,468.25,1.5
301.94,468.06,1.5
301.93,467.87,1.5
301.93,467.69,1.5
301.92,467.50,1.5
301.91,467.31,1.5
301.89,467.12,1.5
301.88,466.93,1.5
301.86,466.75,1.5
301.83,466.56,1.5
301.80,466.37,1.5
301.77,466.20,1.5
301.73,466.02,1.5
301.69,465.85,1.5
301.65,465.67,1.5
301.62,465.51,1.5
301.59,465.34,1.5
301.57,465.17,1.5
301.54,465.00,1.5
301.51,464.84,1.5
301.50,464.67,1.5
301.49,464.51,1.5
301.48,464.34,1.5
301.48,464.18,1.5
301.47,464.02,1.5
301.47,463.85,1.5
301.47,463.69,1.5
301.45,463.52,1.5
301.42,463.36,1.5
301.39,463.22,1.5
301.38,463.19,1.5
301.38,463.29,1.5
301.38,463.35,1.5
301.37,463.35,1.5
301.33,463.30,1.5
301.29,463.20,1.5
301.26,463.03,1.5
301.26,462.83,1.5
301.28,462.62,1.5
301.31,462.43,1.5
301.35,462.27,1.5
301.38,462.11,1.5
301.39,461.96,1.5
301.40,461.81,1.5
301.40,461.66,1.5
301.39,461.52,1.5
301.36,461.38,1.5
301.38,461.25,1.5
301.44,461.11,1.5
301.51,460.97,1.5
301.59,460.83,1.5
301.68,460.69,1.5
301.78,460.55,1.5
301.88,460.41,1.5
301.98,460.27,1.5
302.08,460.12,1.5
302.16,459.96,1.5
302.24,459.80,1.5
302.35,459.66,1.5
302.46,459.51,1.5
302.56,459.37,1.5
302.67,459.22,1.5
302.78,459.08,1.5
302.87,458.93,1.5
302.96,458.77,1.5
303.07,458.63,1.5
303.20,458.50,1.5
303.32,458.36,1.5
303.43,458.21,1.5
303.54,458.07,1.5
303.65,457.94,1.5
303.76,457.82,1.5
303.87,457.70,1.5
303.97,457.58,1.5
304.07,457.46,1.5
304.16,457.33,1.5
304.24,457.19,1.5
304.30,457.03,1.5
304.38,456.89,1.5
304.47,456.74,1.5
304.55,456.58,1.5
304.64,456.42,1.5
304.72,456.25,1.5
304.80,456.09,1.5
304.87,455.92,1.5
304.94,455.75,1.5
304.99,455.57,1.5
305.00,455.40,1.5
304.96,455.23,1.5
304.90,455.07,1.5
304.80,454.92,1.5
304.73,454.76,1.5
304.70,454.59,1.5
304.68,454.43,1.5
304.71,454.25,1.5
304.78,454.09,1.5
304.87,453.93,1.5
304.99,453.78,1.5
305.11,453.64,1.5
305.26,453.49,1.5
305.41,453.35,1.5
305.56,453.19,1.5
305.70,453.04,1.5
305.82,452.87,1.5
305.94,452.70,1.5
306.08,452.55,1.5
306.23,452.41,1.5
306.38,452.28,1.5
306.54,452.15,1.5
306.70,452.03,1.5
306.87,451.92,1.5
307.03,451.83,1.5
307.20,451.74,1.5
307.38,451.66,1.5
307.55,451.57,1.5
307.72,451.49,1.5
307.89,451.42,1.5
308.06,451.34,1.5
308.23,451.26,1.5
308.40,451.18,1.5
308.58,451.10,1.5
308.75,451.02,1.5
308.92,450.94,1.5
309.09,450.86,1.5
309.26,450.79,1.5
309.44,450.71,1.5
309.61,450.63,1.5
309.78,450.55,1.5
309.95,450.47,1.5
310.12,450.39,1.5
310.29,450.32,1.5
310.47,450.24,1.5
310.64,450.16,1.5
310.81,450.08,1.5
310.98,450.00,1.5
311.15,449.93,1.5
311.33,449.85,1.5
311.50,449.77,1.5
311.67,449.69,1.5
311.84,449.61,1.5
312.02,449.51,1.5
312.19,449.40,1.5
312.35,449.28,1.5
312.51,449.16,1.5
312.68,449.06,1.5
312.85,448.97,1.5
313.03,448.88,1.5
313.20,448.78,1.5
313.38,448.68,1.5
313.55,448.57,1.5
313.73,448.46,1.5
313.90,448.36,1.5
314.08,448.25,1.5
314.25,448.15,1.5
314.42,448.07,1.5
314.60,447.99,1.5
314.77,447.91,1.5
314.95,447.83,1.5
315.12,447.76,1.5
315.29,447.69,1.5
315.47,447.62,1.5
315.64,447.54,1.5
315.82,447.47,1.5
315.99,447.40,1.5
316.17,447.33,1.5
316.34,447.26,1.5
316.52,447.18,1.5
316.69,447.11,1.5
316.87,447.04,1.5
317.05,446.97,1.5
317.22,446.89,1.5
317.40,446.82,1.5
317.57,446.74,1.5
317.75,446.67,1.5
317.92,446.58,1.5
318.09,446.50,1.5
318.24,446.41,1.5
318.39,446.32,1.5
318.54,446.24,1.5
318.69,446.16,1.5
318.84,446.08,1.5
319.00,446.01,1.5
319.16,445.95,1.5
319.32,445.88,1.5
319.49,445.80,1.5
319.66,445.73,1.5
319.84,445.66,1.5
320.01,445.59,1.5
320.19,445.52,1.5
320.36,445.45,1.5
320.54,445.38,1.5
320.71,445.31,1.5
320.88,445.23,1.5
321.04,445.14,1.5
321.19,445.06,1.5
321.35,444.98,1.5
321.50,444.90,1.5
321.65,444.82,1.5
321.81,444.74,1.5
321.96,444.66,1.5
322.11,444.58,1.5
322.27,444.49,1.5
322.42,444.40,1.5
322.58,444.32,1.5
322.73,444.24,1.5
322.88,444.16,1.5
323.03,444.08,1.5
323.17,443.98,1.5
323.30,443.89,1.5
323.44,443.79,1.5
323.58,443.69,1.5
323.73,443.59,1.5
323.88,443.50,1.5
324.02,443.42,1.5
324.18,443.33,1.5
324.34,443.25,1.5
324.50,443.17,1.5
324.66,443.09,1.5
324.82,443.01,1.5
324.98,442.93,1.5
325.14,442.85,1.5
325.30,442.77,1.5
325.48,442.70,1.5
325.65,442.64,1.5
325.83,442.58,1.5
326.01,442.53,1.5
326.20,442.48,1.5
326.38,442.43,1.5
326.57,442.38,1.5
326.75,442.33,1.5
326.94,442.27,1.5
327.12,442.22,1.5
327.31,442.16,1.5
327.50,442.11,1.5
327.68,442.05,1.5
327.87,442.00,1.5
328.05,441.94,1.5
328.23,441.88,1.5
328.42,441.83,1.5
328.60,441.77,1.5
328.78,441.71,1.5
328.96,441.66,1.5
329.14,441.59,1.5
329.31,441.52,1.5
329.47,441.45,1.5
329.63,441.39,1.5
329.79,441.32,1.5
329.94,441.26,1.5
330.10,441.19,1.5
330.26,441.13,1.5
330.41,441.07,1.5
330.56,441.01,1.5
330.71,440.96,1.5
330.87,440.92,1.5
331.02,440.88,1.5
331.19,440.85,1.5
331.36,440.82,1.5
331.53,440.80,1.5
331.71,440.77,1.5
331.89,440.76,1.5
332.07,440.74,1.5
332.25,440.71,1.5
332.43,440.68,1.5
332.61,440.64,1.5
332.79,440.58,1.5
332.97,440.53,1.5
333.14,440.49,1.5
333.31,440.46,1.5
333.49,440.45,1.5
333.66,440.45,1.5
333.83,440.47,1.5
333.99,440.49,1.5
334.15,440.50,1.5
334.32,440.50,1.5
334.48,440.49,1.5
334.63,440.48,1.5
334.79,440.46,1.5
334.94,440.44,1.5
335.10,440.43,1.5
335.26,440.41,1.5
335.42,440.40,1.5
335.59,440.40,1.5
335.76,440.41,1.5
335.93,440.42,1.5
336.11,440.43,1.5
336.28,440.45,1.5
336.46,440.47,1.5
336.64,440.49,1.5
336.82,440.50,1.5
337.00,440.52,1.5
337.18,440.53,1.5
337.36,440.55,1.5
337.54,440.56,1.5
337.73,440.57,1.5
337.92,440.57,1.5
338.12,440.57,1.5
338.31,440.55,1.5
338.50,440.50,1.5
338.69,440.47,1.5
338.88,440.46,1.5
339.07,440.46,1.5
339.27,440.47,1.5
339.47,440.47,1.5
339.68,440.45,1.5
339.90,440.42,1.5
340.11,440.39,1.5
340.31,440.36,1.5
340.51,440.29,1.5
340.72,440.25,1.5
340.92,440.22,1.5
341.12,440.20,1.5
341.32,440.18,1.5
341.53,440.18,1.5
341.73,440.20,1.5
341.93,440.22,1.5
342.13,440.24,1.5
342.33,440.27,1.5
342.51,440.32,1.5
342.70,440.37,1.5
342.88,440.43,1.5
343.07,440.48,1.5
343.26,440.53,1.5
343.45,440.57,1.5
343.65,440.60,1.5
343.86,440.63,1.5
344.06,440.66,1.5
344.25,440.70,1.5
344.43,440.76,1.5
344.61,440.81,1.5
344.79,440.86,1.5
344.98,440.90,1.5
345.16,440.89,1.5
345.34,440.85,1.5
345.50,440.79,1.5
345.66,440.73,1.5
345.82,440.72,1.5
345.97,440.78,1.5
346.11,440.88,1.5
346.24,440.95,1.5
346.30,440.96,1.5
346.41,440.97,1.5
346.55,440.88,1.5
346.68,440.73,1.5
346.81,440.57,1.5
346.94,440.41,1.5
347.10,440.28,1.5
347.26,440.16,1.5
347.43,440.04,1.5
347.60,439.90,1.5
347.77,439.76,1.5
347.91,439.59,1.5
348.04,439.41,1.5
348.18,439.23,1.5
348.29,439.05,1.5
348.41,438.87,1.5
348.54,438.70,1.5
348.68,438.53,1.5
348.82,438.35,1.5
348.95,438.17,1.5
349.07,437.98,1.5
349.17,437.78,1.5
349.25,437.58,1.5
349.34,437.38,1.5
349.44,437.18,1.5
349.52,436.97,1.5
349.60,436.76,1.5
349.67,436.55,1.5
349.75,436.34,1.5
349.85,436.14,1.5
349.95,435.93,1.5
350.06,435.73,1.5
350.17,435.53,1.5
350.29,435.32,1.5
350.36,435.09,1.5
350.42,434.86,1.5
350.43,434.62,1.5
350.38,434.39,1.5
350.30,434.17,1.5
350.21,433.98,1.5
350.11,433.80,1.5
349.99,433.62,1.5
349.87,433.45,1.5
349.73,433.29,1.5
349.59,433.14,1.5
349.45,432.98,1.5
349.30,432.83,1.5
349.15,432.69,1.5
348.99,432.55,1.5
348.88,432.40,1.5
348.85,432.23,1.5
348.88,432.06,1.5
348.94,431.90,1.5
349.03,431.74,1.5
349.13,431.58,1.5
349.24,431.42,1.5
349.36,431.26,1.5
349.48,431.11,1.5
349.61,430.95,1.5
349.75,430.78,1.5
349.89,430.62,1.5
350.03,430.47,1.5
350.16,430.32,1.5
350.28,430.19,1.5
350.38,430.08,1.5
350.47,429.97,1.5
350.56,429.86,1.5
350.66,429.75,1.5
350.75,429.63,1.5
