0.94
0.92
0.91
0.90
0.88
0.89
0.91
0.94
1.00
1.03
1.07
1.09
1.08
1.07
1.05
0.73
0.81
0.86
0.94
1.02
1.05
0.96
0.94
1.00
1.02
0.95
0.99
1.00
1.01
1.02
1.02
1.02
1.03
1.04
1.04
1.05
1.05
1.05
1.05
1.04
1.05
1.05
1.05
1.05
1.03
0.99
1.05
1.07
1.10
1.08
1.07
1.06
1.05
1.05
1.04
1.04
1.05
1.06
1.07
1.08
1.08
1.07
0.97
0.79
0.66
0.55
0.47
0.40
0.32
0.25
0.19
0.15
0.12
0.10
0.09
0.10
0.20
0.37
0.48
0.42
0.36
0.31
0.27
0.24
0.22
0.21
0.20
0.20
0.21
0.21
0.22
0.23
0.23
0.24
0.24
0.23
0.02
0.07
0.05
0.03
0.02
0.04
0.02
0.04
0.03
0.05
0.03
0.04
0.05
0.05
0.07
0.05
0.03
0.04
0.06
0.10
0.08
0.05
0.03
0.05
0.11
0.17
0.18
0.19
0.14
0.09
0.12
0.14
0.07
0.03
0.06
0.05
0.01
0.02
0.09
0.10
0.01
0.03
0.03
0.05
0.06
0.06
0.06
0.04
0.09
0.11
0.14
0.15
0.04
0.01
0.10
0.07
0.06
0.05
0.06
0.09
0.04
0.03
0.08
0.14
0.10
0.03
0.08
0.10
0.13
0.16
0.14
0.11
0.03
0.02
0.08
0.09
0.07
0.07
0.09
0.08
0.05
0.04
0.10
0.10
0.08
0.07
0.01
0.02
0.07
0.06
0.49
0.96
0.97
0.88
1.01
1.11
1.04
0.96
0.96
0.98
0.99
0.99
1.05
1.10
1.09
1.09
1.08
1.08
1.01
1.01
1.02
1.05
0.43
1.06
1.04
1.07
1.08
1.07
1.06
1.05
1.05
1.05
1.05
1.05
1.05
1.05
1.05
1.05
1.05
1.05
1.05
1.05
1.05
1.05
1.05
1.05
1.05
1.05
1.05
1.05
1.05
1.05
1.05
1.05
1.05
1.05
1.05
1.05
1.05
1.05
1.05
1.05
1.05
1.05
1.05
1.05
1.05
1.05
1.05
1.05
1.05
1.05
1.05
1.05
1.05
1.05
1.05
1.05
1.05
1.05
1.05
1.05
1.05
1.05
1.05
1.05
1.05
1.05
1.06
1.06
1.06
1.06
1.06
1.06
1.06
1.06
1.07
1.07
1.07
1.07
1.07
1.07
1.07
1.07
1.07
1.07
1.07
1.07
1.07
1.06
1.06
1.06
1.06
1.06
1.06
1.05
1.05
1.05
1.05
1.05
1.05
1.06
1.06
1.07
1.08
0.94
0.77
0.65
0.55
0.48
0.43
0.39
0.35
0.33
0.32
0.30
0.30
0.31
0.31
0.21
0.22
0.46
0.38
0.29
0.25
0.25
0.11
0.07
0.04
0.02
0.01
0.04
0.06
0.03
0.04
0.02
0.02
0.05
0.07
0.09
0.06
0.05
0.04
0.04
0.04
0.05
0.07
0.04
0.02
0.02
0.08
0.05
0.10
0.14
0.03
0.07
0.10
0.03
0.04
0.04
0.06
0.12
0.05
0.01
0.07
0.08
0.06
0.02
0.02
0.05
0.04
0.06
0.00
0.04
0.12
0.11
0.13
0.09
0.06
0.06
0.06
0.04
0.04
0.03
0.08
0.05
0.01
0.04
0.08
0.08
0.12
0.10
0.03
0.05
0.07
0.03
0.07
0.06
0.04
0.02
0.04
0.10
0.11
0.12
0.11
0.09
0.02
0.03
0.08
0.13
0.08
0.07
0.05
0.05
0.03
0.04
0.05
0.04
0.01
0.04
0.08
0.15
0.16
0.24
0.20
0.16
0.13
0.04
0.03
0.03
0.03
0.06
0.09
0.05
0.04
0.03
0.03
0.05
0.09
0.07
0.07
0.06
0.02
0.05
0.03
0.03
0.07
0.04
0.03
0.04
0.07
0.04
0.07
0.04
0.09
0.08
0.09
0.08
0.06
0.05
0.06
0.04
0.13
0.07
0.01
0.04
0.02
0.05
0.06
0.05
0.03
0.04
0.10
0.07
0.06
0.02
0.05
0.02
0.03
0.06
0.09
0.07
0.04
0.02
0.06
0.04
0.00
0.04
0.08
0.07
0.03
0.05
0.04
0.05
0.06
0.05
0.03
0.04
0.03
0.04
0.59
1.03
1.13
1.08
0.98
0.68
0.89
0.82
0.82
0.83
0.87
0.90
0.90
0.90
0.91
0.91
0.91
0.90
0.92
0.96
0.98
1.00
1.02
1.05
1.04
1.03
1.04
1.05
1.04
1.03
1.01
0.97
0.95
0.93
0.93
0.19
0.93
0.94
0.95
0.96
0.98
0.99
0.91
0.80
0.78
0.77
0.72
0.76
0.91
1.05
1.05
0.96
0.91
0.92
0.92
0.89
0.85
0.85
0.80
0.76
0.81
0.84
0.80
0.76
0.74
0.75
0.77
0.79
0.77
0.76
0.81
0.83
0.83
0.81
0.81
0.80
0.77
0.74
0.76
0.79
0.79
0.80
0.86
0.91
0.91
0.91
0.89
0.88
0.86
0.85
0.82
0.80
0.84
0.89
0.96
1.01
0.99
0.98
1.01
1.04
1.03
1.02
1.01
1.00
1.00
1.00
1.01
1.01
1.02
1.03
1.02
1.00
1.00
1.01
1.02
1.03
1.05
1.06
1.06
1.06
1.05
1.05
1.05
1.05
1.05
1.06
1.05
1.05
1.05
1.05
1.05
1.05
1.05
1.05
1.05
1.05
1.05
1.05
1.05
1.05
1.05
1.05
1.05
1.05
1.05
1.05
1.05
1.05
1.05
1.05
1.05
1.05
1.05
1.05
1.05
1.05
1.05
1.05
1.05
1.05
1.05
1.05
1.05
1.05
1.05
1.05
1.05
1.05
1.05
1.07
1.08
1.04
1.05
1.05
1.05
1.05
1.05
1.05
1.05
1.06
1.09
1.09
1.10
1.09
1.07
1.08
1.09
1.08
1.06
1.06
1.05
1.05
1.05
1.05
1.05
1.05
1.05
1.05
1.04
1.04
1.03
1.03
1.02
1.01
1.01
1.00
1.00
1.00
0.99
0.99
0.99
1.00
1.00
1.21
1.01
1.02
1.01
1.02
1.02
1.03
1.03
1.04
1.04
1.04
1.05
1.05
1.05
1.05
1.05
1.05
1.05
1.05
1.05
1.05
1.05
1.05
1.05
1.05
1.05
1.05
1.05
1.05
1.05
1.05
1.05
1.05
1.05
1.05
1.05
1.05
1.05
1.05
1.05
1.05
1.05
1.05
1.05
1.05
1.05
1.05
1.05
1.05
1.05
1.05
1.05
1.05
1.05
1.04
1.03
1.01
1.00
0.99
0.98
0.98
0.98
0.97
0.97
0.97
0.96
0.96
0.97
0.97
0.97
0.97
0.99
1.00
1.01
1.02
0.99
0.98
0.98
0.98
0.99
0.99
0.97
0.95
0.97
0.97
0.96
0.96
0.98
1.00
1.00
1.00
1.01
1.03
1.03
1.04
1.03
1.03
1.02
1.01
1.02
1.02
1.02
1.02
1.03
1.03
1.03
1.03
1.03
1.03
1.03
1.03
1.04
1.04
1.04
1.05
1.04
1.04
1.04
1.04
1.04
1.05
1.05
1.05
1.05
1.05
1.05
1.05
1.05
1.05
1.05
1.05
1.05
1.05
1.05
1.05
1.05
1.05
1.05
1.05
1.05
1.05
1.05
1.05
1.05
1.05
1.05
1.05
1.05
1.05
1.05
1.05
1.05
1.05
1.05
1.05
1.05
1.05
1.05
1.05
1.05
1.05
1.05
1.05
1.05
1.05
1.05
1.05
1.05
1.05
1.05
1.05
1.05
1.05
1.05
1.05
1.05
1.05
1.05
1.05
1.05
1.05
1.05
