1.08
1.09
1.12
1.12
1.10
1.09
1.09
1.09
1.09
1.09
1.08
1.08
1.08
1.08
1.09
1.09
1.09
1.09
1.09
1.09
1.09
1.09
1.09
1.09
1.09
1.09
1.09
1.09
1.09
1.09
1.09
1.09
1.09
1.09
1.09
1.09
1.09
1.09
1.09
1.09
1.09
1.09
1.09
1.08
1.08
1.08
1.08
1.08
1.08
1.07
1.07
1.06
1.06
1.05
1.04
1.04
1.04
1.03
1.03
1.03
1.03
1.04
1.04
1.04
1.05
1.05
1.05
1.05
1.06
1.06
1.07
1.11
1.07
0.81
0.91
0.98
1.03
1.07
1.08
1.11
1.11
1.11
1.10
1.10
1.09
0.66
1.09
1.09
1.08
1.08
1.08
1.08
1.08
1.08
1.08
1.08
1.08
1.08
1.07
1.07
1.07
1.06
1.06
1.06
1.06
1.05
1.05
1.05
1.05
1.05
1.05
1.04
1.04
1.04
1.03
1.04
1.04
1.03
1.03
1.03
1.03
1.04
1.04
1.06
1.06
1.06
1.06
1.08
1.09
1.09
1.09
1.09
1.08
1.08
1.09
1.08
1.08
1.08
1.08
1.08
1.08
1.08
1.08
1.08
1.08
1.08
1.08
1.08
1.08
1.08
1.08
1.08
1.08
1.08
1.08
1.08
1.08
1.08
1.08
1.08
1.08
1.08
1.08
1.08
1.08
1.08
1.08
1.08
1.08
1.08
1.08
1.08
1.08
1.08
1.08
1.08
1.08
1.08
1.08
1.08
1.08
1.08
1.08
1.08
1.08
1.08
1.08
1.08
1.08
1.08
1.08
1.08
1.08
1.08
1.08
1.08
1.08
1.08
1.08
1.08
1.08
1.08
1.08
1.07
1.06
1.05
1.05
1.04
1.04
1.04
1.04
1.05
1.07
1.07
1.07
1.08
1.08
1.08
1.08
1.08
1.08
1.08
1.08
1.08
1.08
1.08
1.08
1.08
1.08
1.08
1.08
1.08
1.08
1.08
1.08
1.08
1.08
1.08
1.08
1.08
1.08
1.08
1.08
1.08
1.08
1.08
1.08
1.08
1.08
1.08
1.08
1.08
1.08
1.08
1.08
1.08
1.08
1.08
1.08
1.08
1.08
1.08
1.08
1.08
1.08
1.08
1.08
1.08
1.08
1.08
1.08
1.08
1.08
1.08
1.08
1.08
1.08
1.08
1.08
1.08
1.08
