0.73
0.73
0.74
0.75
0.74
0.74
0.72
0.69
0.68
0.67
0.67
0.67
0.67
0.67
0.68
0.69
0.71
0.72
0.73
0.73
0.72
0.71
0.69
0.68
0.67
0.66
0.63
0.60
0.59
0.58
0.59
0.61
0.62
0.62
0.63
0.65
0.66
0.67
0.68
0.13
0.67
0.67
0.68
0.69
0.69
0.70
0.70
0.71
0.75
0.77
0.78
0.79
0.78
0.78
0.79
0.80
0.82
0.83
0.83
0.74
0.52
0.59
0.63
0.67
0.73
0.78
0.80
0.81
0.84
0.86
0.83
0.81
0.80
0.79
0.79
0.79
0.79
0.79
0.80
0.80
0.79
0.79
0.79
0.79
0.79
0.77
0.77
0.76
0.75
0.75
0.75
0.75
0.74
0.74
0.74
0.74
0.74
0.75
0.75
0.76
0.76
0.76
0.77
0.78
0.78
0.78
0.78
0.78
0.79
0.79
0.79
0.79
0.79
0.79
0.79
0.79
0.79
0.79
0.79
0.79
0.79
0.79
0.79
0.79
0.79
0.78
0.77
0.76
0.75
0.75
0.74
0.74
0.74
0.74
0.74
0.74
0.75
0.77
0.77
0.76
0.74
0.73
0.71
0.69
0.69
0.69
0.71
0.71
0.70
0.70
0.68
0.64
0.67
0.75
0.74
0.67
0.71
0.70
0.74
0.15
0.45
0.40
0.58
0.66
0.48
0.26
0.42
0.36
0.69
0.80
0.78
0.35
0.36
0.26
0.15
0.09
0.02
0.01
0.04
0.03
0.12
0.25
0.39
0.50
0.50
0.48
0.48
0.58
0.83
0.64
0.34
0.27
0.42
0.58
0.65
0.70
0.80
0.83
0.79
0.79
0.83
0.85
0.88
0.88
0.71
0.48
0.62
0.66
0.70
0.67
0.66
0.82
0.85
0.78
0.73
0.77
0.69
0.59
0.81
0.78
0.82
0.84
0.85
0.84
0.83
0.82
0.82
0.82
0.81
0.83
0.85
0.84
0.83
0.82
0.82
0.82
0.81
0.81
0.81
0.81
0.81
0.81
0.81
0.81
0.81
0.81
0.81
0.81
0.81
0.81
0.81
0.81
0.81
0.81
0.81
0.81
0.80
0.80
0.80
0.80
0.80
0.79
0.78
0.77
0.76
0.75
0.74
0.74
0.74
0.74
0.74
0.74
0.73
0.73
0.73
0.73
0.74
0.74
0.73
0.73
0.74
0.75
0.74
0.74
0.76
0.77
0.79
0.79
0.78
0.78
0.78
0.78
0.78
0.78
0.80
0.80
0.78
0.77
0.76
0.75
0.74
0.74
0.73
0.73
0.72
0.72
0.71
0.70
0.72
0.73
0.72
0.72
0.71
0.68
0.66
0.65
0.65
0.66
0.67
0.66
0.62
0.61
0.64
0.66
0.64
0.63
0.61
0.61
0.59
0.58
0.59
0.58
0.58
0.59
0.61
0.64
0.71
0.75
0.75
0.74
0.73
0.73
0.75
0.77
0.78
0.79
0.78
0.78
0.78
0.78
0.78
0.78
0.79
0.80
0.80
0.79
0.79
0.79
0.79
0.79
0.79
0.79
0.80
0.80
0.79
0.79
0.79
0.79
0.79
0.79
0.79
0.79
0.79
0.79
0.79
0.79
0.79
0.79
0.79
0.79
0.79
0.79
0.79
0.79
0.79
0.79
0.79
0.79
0.79
0.79
0.80
0.80
0.80
0.80
0.82
0.81
0.80
0.80
0.80
0.80
0.82
0.85
0.83
0.49
0.39
0.55
0.58
0.66
0.71
0.74
0.79
0.82
0.82
0.82
0.83
0.83
0.84
0.83
0.82
0.81
0.81
0.81
0.82
0.82
0.81
0.83
0.83
0.82
0.83
0.82
0.81
0.81
0.81
0.82
0.82
0.79
0.73
0.79
0.81
0.80
0.82
0.81
0.72
0.79
0.84
0.83
0.69
0.79
0.81
0.79
0.79
0.80
0.80
0.80
0.80
0.80
0.80
0.80
0.80
0.80
0.80
0.80
0.81
0.82
0.82
0.83
0.82
0.82
0.82
0.83
0.82
0.84
0.83
0.82
0.82
0.83
0.83
0.83
0.85
0.88
0.87
0.88
0.82
0.66
0.77
0.65
0.82
0.81
0.74
0.69
0.71
0.72
0.71
0.71
0.71
0.65
0.49
0.37
0.33
0.28
0.29
0.33
0.45
0.59
0.59
0.57
0.58
0.57
0.56
0.55
0.56
0.57
0.59
0.62
0.57
0.55
0.64
0.71
0.73
0.71
