0.93
0.91
0.89
0.89
0.90
0.96
1.02
1.05
1.03
1.02
1.01
0.85
0.59
0.41
0.36
0.22
0.28
0.37
0.48
0.61
0.77
0.91
1.02
0.74
0.42
0.28
0.30
0.35
0.40
0.47
0.34
0.26
0.14
0.16
0.41
0.68
0.50
0.39
0.33
0.04
0.04
0.17
0.44
0.73
0.91
0.85
0.73
0.94
0.98
0.71
0.60
0.63
0.80
1.03
1.17
1.29
1.38
1.46
1.51
1.51
1.49
1.47
1.45
1.43
1.41
1.39
1.38
1.33
0.95
1.19
1.25
1.28
1.32
1.29
1.29
1.36
1.37
1.35
1.34
1.33
1.33
1.34
1.35
1.35
1.36
1.36
1.35
1.36
1.32
1.29
1.30
1.32
1.32
1.32
1.33
1.33
1.33
1.34
1.35
1.36
1.36
1.36
1.36
1.36
1.36
1.36
0.81
1.17
1.13
1.21
1.28
1.32
1.34
1.36
1.36
1.37
1.37
1.36
1.37
1.39
1.43
1.45
1.46
1.45
1.44
1.44
1.42
1.41
1.41
1.40
1.41
1.41
1.41
1.39
1.65
1.39
1.41
1.43
1.43
1.41
1.40
1.40
1.41
1.41
1.42
1.42
1.41
1.43
1.44
1.42
1.43
1.43
1.44
1.44
1.42
1.40
1.38
1.37
1.37
1.37
1.38
1.40
1.41
1.41
1.39
1.40
1.42
1.43
1.43
1.42
1.44
1.45
1.43
1.42
1.43
1.43
1.43
1.42
1.41
1.42
1.43
1.43
1.42
1.42
1.43
1.44
1.44
1.43
1.42
1.41
1.41
1.41
1.42
1.42
1.44
1.45
1.40
1.32
1.30
1.30
1.32
1.32
1.34
1.34
1.26
1.16
1.17
1.18
1.14
1.12
1.08
1.07
1.02
0.95
0.91
0.86
0.83
0.78
0.82
0.89
0.93
1.01
1.06
1.03
0.99
0.91
0.90
0.91
0.92
0.93
0.90
0.97
1.02
0.96
0.87
0.76
0.70
0.76
0.88
0.88
0.89
0.92
0.96
0.96
0.96
1.06
1.13
1.18
1.15
1.01
0.90
0.80
0.77
0.77
0.82
0.85
0.85
0.88
0.88
0.88
0.82
0.83
0.80
0.72
0.71
0.83
0.92
0.99
1.07
1.07
1.05
1.06
1.09
0.98
0.33
0.19
0.38
0.58
0.73
0.76
0.44
