0.89
0.89
0.88
0.88
0.88
0.89
0.89
0.89
0.89
0.88
0.88
0.88
0.88
0.88
0.87
0.87
0.87
0.87
0.87
0.86
0.87
0.88
0.88
0.88
0.89
0.90
0.89
0.89
0.88
0.88
0.88
0.88
0.89
0.89
0.88
0.87
0.88
0.88
0.88
0.88
0.86
0.84
0.84
0.83
0.83
0.81
0.78
0.76
0.75
0.74
0.74
0.75
0.78
0.81
0.84
0.87
0.88
0.89
0.90
0.90
0.91
0.92
0.91
0.91
0.91
0.91
0.91
0.90
0.90
0.90
0.89
0.89
0.89
0.89
0.88
0.88
0.88
0.88
0.87
0.86
0.86
0.86
0.86
0.85
0.86
0.87
0.87
0.87
0.87
0.87
0.89
0.90
0.91
0.91
0.91
0.92
0.92
0.93
0.94
0.95
0.95
0.95
0.95
0.94
0.94
0.93
0.91
0.89
0.88
0.87
0.86
0.86
0.86
0.86
0.86
0.87
0.87
0.87
0.88
0.90
0.88
0.86
0.85
0.84
0.84
0.83
0.83
0.83
0.82
0.81
0.83
0.84
0.85
0.87
0.88
0.89
0.90
0.90
0.91
0.92
0.92
0.92
0.92
0.93
0.92
0.92
0.92
0.92
0.92
0.92
0.92
0.92
0.92
0.92
0.92
0.92
0.92
0.92
0.92
0.92
0.92
0.92
0.92
0.92
0.92
0.92
0.92
0.92
0.92
0.92
0.92
0.92
0.92
0.92
0.92
0.92
0.92
0.92
0.92
0.92
0.92
0.92
0.92
0.92
0.92
0.92
0.92
0.92
0.92
0.92
0.92
0.92
0.92
0.92
0.92
0.92
0.92
0.92
0.92
0.92
0.92
0.92
0.92
0.92
0.92
0.92
0.92
0.92
0.92
0.92
0.92
0.92
0.92
0.92
0.92
0.92
0.92
0.92
0.92
0.92
0.92
0.92
0.92
0.92
0.92
0.91
0.90
0.89
0.88
0.88
0.88
0.89
0.90
0.91
0.91
0.92
0.92
0.92
0.92
0.92
0.92
0.92
0.93
0.93
0.94
0.94
0.95
0.94
0.93
0.90
0.87
0.86
0.85
0.85
0.84
0.84
0.85
0.85
0.87
0.89
0.90
0.91
0.91
0.91
0.91
0.91
0.91
0.91
0.91
0.91
0.92
0.92
0.92
0.92
0.92
0.92
0.92
0.92
0.92
0.92
0.92
0.92
0.92
0.92
0.92
0.92
0.92
0.92
0.92
0.92
0.92
0.92
0.93
0.93
0.94
0.94
0.94
0.92
0.88
0.86
0.85
0.84
0.84
0.84
0.84
0.84
0.85
0.88
0.89
0.90
0.90
0.90
0.91
0.91
0.92
0.92
0.92
0.92
0.92
0.92
0.92
0.92
0.92
0.92
0.92
0.92
0.93
0.93
0.95
0.97
0.99
1.01
1.01
1.01
1.00
0.99
0.97
0.95
0.93
0.92
0.91
0.91
0.91
0.91
0.92
0.93
0.93
0.92
0.92
0.91
0.91
0.90
0.90
0.90
0.90
0.90
0.89
0.89
0.90
0.91
0.92
0.92
0.90
0.87
0.84
0.81
0.76
0.70
0.66
0.65
0.66
0.68
0.69
0.70
0.70
0.70
0.74
0.77
0.81
0.85
0.84
0.83
0.84
0.83
0.80
0.77
0.77
0.77
0.78
0.79
0.81
0.82
0.81
0.80
0.81
0.82
0.81
0.79
0.73
0.69
0.63
0.61
0.69
0.74
0.73
0.72
0.73
0.69
0.61
0.56
0.53
0.55
0.62
0.68
0.69
0.69
0.71
0.74
0.78
0.79
0.75
0.73
0.68
0.68
0.73
0.78
0.79
0.86
0.87
0.86
0.81
0.77
0.77
0.77
0.75
0.72
0.67
0.64
0.68
0.72
0.72
0.70
0.66
0.64
0.68
0.71
0.71
0.70
0.66
0.65
0.67
0.70
0.75
0.80
0.84
0.85
0.84
0.83
0.83
0.83
0.85
0.86
0.83
0.82
0.84
0.86
0.86
0.88
0.89
0.89
0.90
0.90
0.90
0.91
0.92
0.92
0.93
0.94
0.95
0.95
0.93
0.93
0.92
0.92
0.92
0.92
0.91
0.89
0.87
0.86
0.85
0.85
0.85
0.87
0.90
0.90
0.89
0.87
0.84
0.83
0.82
0.82
0.82
0.83
0.85
0.85
0.86
0.87
0.87
0.71
0.58
0.79
0.81
0.84
0.90
0.75
0.86
0.73
0.58
0.60
0.61
0.74
0.83
0.88
0.85
0.86
0.85
0.84
0.85
0.87
0.89
0.89
0.91
0.92
0.89
0.89
0.90
0.91
0.92
0.92
0.93
0.94
0.96
0.96
0.96
0.96
0.97
0.97
0.97
0.99
1.00
1.01
0.98
0.97
0.96
0.94
0.93
0.93
0.93
0.92
0.92
0.92
0.92
0.92
0.92
0.92
0.92
0.92
0.92
0.92
0.92
0.92
0.92
0.92
0.92
0.92
0.92
0.92
0.93
0.96
0.98
0.99
0.99
0.97
0.97
0.97
0.96
0.94
0.93
0.94
0.94
0.98
1.03
0.99
0.86
0.97
0.99
0.98
0.98
0.98
0.99
0.99
0.96
0.95
0.96
0.97
0.98
0.98
0.99
0.99
0.99
0.99
0.98
0.97
0.97
0.96
0.95
0.97
1.00
0.99
0.89
0.75
0.78
0.80
0.83
0.85
0.85
0.84
0.81
0.79
0.77
0.76
0.78
0.79
0.79
0.77
0.75
0.74
0.72
0.73
0.81
0.79
0.63
0.83
0.77
0.77
0.83
0.88
0.95
0.98
0.97
0.96
0.96
0.96
0.96
0.96
0.97
0.98
0.97
0.96
0.95
0.93
0.91
0.89
0.88
0.87
0.86
0.86
0.84
0.81
0.79
0.79
0.82
0.84
0.83
0.82
0.82
0.83
0.84
0.86
0.88
0.88
0.91
0.91
0.93
0.94
0.93
0.94
0.92
0.92
0.92
0.93
0.91
0.91
0.88
0.87
0.87
0.88
0.88
0.89
0.90
0.91
0.89
0.88
0.86
0.85
0.85
0.85
0.88
0.89
0.89
0.87
0.85
0.83
0.82
0.81
0.81
0.80
0.80
0.81
0.83
0.85
0.87
0.88
0.89
0.90
0.91
0.91
0.89
0.90
0.91
0.93
0.96
0.98
0.92
0.97
0.92
0.93
0.91
0.91
0.91
0.92
0.94
0.95
0.94
0.93
0.93
0.93
0.92
0.93
0.95
0.95
0.93
0.93
0.93
0.94
0.95
0.95
0.94
0.94
0.94
0.95
0.97
0.99
1.00
0.99
1.00
1.00
1.01
0.99
0.98
0.95
0.94
0.95
0.98
1.01
1.01
1.00
0.99
0.96
0.95
0.94
0.95
0.94
0.96
0.93
0.90
0.87
0.85
0.85
0.84
0.85
0.86
0.87
0.86
0.86
0.85
0.84
0.85
0.86
0.88
0.90
0.92
0.91
0.90
0.89
0.90
0.90
0.90
0.89
0.90
0.90
0.91
0.92
0.92
0.93
0.93
0.93
0.93
0.93
0.94
0.94
0.92
0.87
0.83
0.89
0.81
0.34
0.65
0.60
0.69
0.78
0.78
0.76
0.75
0.75
0.78
0.81
0.82
0.83
0.86
0.87
0.85
0.83
0.82
0.81
0.82
0.84
0.85
0.84
0.82
0.82
0.84
0.85
0.84
0.85
0.84
0.85
0.88
0.90
0.93
