0.83
0.80
0.74
0.68
0.26
0.62
0.65
0.70
0.73
0.77
0.79
0.79
0.79
0.75
0.72
0.72
0.73
0.75
0.76
0.77
0.76
0.73
0.70
0.71
0.73
0.69
0.66
0.73
0.78
0.75
0.71
0.71
0.71
0.75
0.78
0.78
0.78
0.73
0.68
0.68
0.69
0.74
0.78
0.76
0.75
0.73
0.73
0.69
0.67
0.72
0.76
0.77
0.78
0.76
0.91
0.76
0.76
0.76
0.77
0.81
0.83
0.83
0.82
0.81
0.80
0.80
0.80
0.81
0.83
0.85
0.85
0.81
0.77
0.74
0.74
0.78
0.81
0.79
0.78
0.75
0.75
0.81
0.85
0.84
0.83
0.86
0.87
0.83
0.80
0.80
0.81
0.85
0.88
0.87
0.86
0.87
0.88
0.86
0.86
0.84
0.83
0.84
0.85
0.85
0.85
0.85
0.85
0.85
0.85
0.84
0.83
0.82
0.82
0.83
0.84
0.82
0.81
0.78
0.78
0.84
0.88
0.88
0.87
0.87
0.87
0.86
0.86
0.90
0.92
0.87
0.83
0.83
0.83
0.83
0.84
0.87
0.88
0.85
0.83
0.80
0.78
0.76
0.75
0.75
0.75
0.77
0.79
0.81
0.82
0.80
0.78
0.79
0.80
0.81
0.81
0.80
0.81
0.83
0.84
0.81
0.80
0.79
0.79
0.83
0.85
0.83
0.82
0.85
0.87
0.89
0.91
0.90
0.90
0.91
0.92
0.90
0.89
0.89
0.90
0.91
0.92
0.90
0.89
0.90
0.91
0.91
0.91
0.92
0.92
0.92
0.93
0.95
0.98
0.98
0.98
0.98
0.98
0.98
0.98
0.98
0.98
0.99
1.00
1.01
1.01
1.02
1.02
1.01
1.00
0.99
0.98
0.97
0.96
0.95
0.95
0.94
0.94
0.94
0.93
0.94
0.94
0.94
0.94
0.95
0.95
0.95
0.95
0.94
0.93
0.93
0.93
0.94
0.94
0.94
0.93
0.92
0.91
0.92
0.93
0.93
0.93
0.94
0.94
0.95
0.95
0.95
0.94
0.94
0.94
0.95
0.96
0.95
0.94
0.93
0.93
0.93
0.92
0.93
0.93
0.93
0.93
0.92
0.91
0.90
0.88
0.88
0.88
0.87
0.86
0.86
0.85
0.85
0.84
0.83
0.82
0.82
0.82
0.82
0.82
0.81
0.81
0.82
0.83
0.84
0.86
0.90
0.93
0.92
0.91
0.93
0.94
0.90
0.88
0.91
0.94
0.93
0.93
0.93
0.92
0.94
0.95
0.95
0.94
0.93
0.93
0.92
0.92
0.93
0.94
0.94
0.94
0.94
0.94
0.93
0.92
0.91
0.91
0.91
0.91
0.90
0.90
0.91
0.92
0.92
0.92
0.91
0.91
0.91
0.91
0.91
0.91
0.91
0.90
0.90
0.90
0.90
0.90
0.90
0.89
0.89
0.88
0.88
0.88
0.90
0.91
0.92
0.92
0.93
0.94
0.95
0.95
0.95
0.96
0.96
0.96
0.97
0.97
0.97
0.96
0.98
0.98
0.98
0.98
0.99
1.00
0.99
0.99
0.99
0.99
0.99
0.98
0.98
0.98
0.98
0.97
0.97
0.96
0.96
0.95
0.94
0.93
0.92
0.91
0.91
0.91
0.90
0.90
0.90
0.91
0.90
0.89
0.91
0.92
0.91
0.90
0.90
0.91
0.91
0.90
0.89
0.89
0.90
0.91
0.89
0.87
0.88
0.89
0.91
0.92
0.91
0.90
0.89
0.88
0.90
0.91
0.91
0.91
0.92
0.92
0.93
0.93
0.91
0.90
0.88
0.88
0.86
0.85
0.84
0.84
0.82
0.82
0.80
0.80
0.79
0.78
0.78
0.79
0.80
0.81
0.80
0.81
0.86
0.90
0.93
0.91
0.85
0.82
0.81
0.81
0.85
0.84
0.75
0.58
0.35
0.16
0.06
0.01
0.08
0.22
0.43
0.65
0.85
0.97
0.83
0.37
0.13
0.20
0.48
0.65
0.77
0.88
0.81
0.74
0.75
0.77
0.82
0.85
0.84
0.78
0.67
0.60
0.61
0.65
0.71
0.82
0.84
0.85
0.93
0.98
1.04
0.96
0.64
0.56
0.71
0.83
0.85
0.77
0.70
0.67
0.65
0.68
0.72
0.77
0.85
0.91
0.90
0.86
0.89
0.93
0.92
0.91
0.89
0.85
0.84
0.78
0.14
0.48
0.68
0.85
0.94
0.98
0.98
0.98
0.98
0.99
1.00
1.00
1.01
1.01
1.02
1.02
1.01
1.01
1.01
1.03
1.04
1.03
1.01
1.00
1.00
1.00
1.02
1.03
1.03
1.01
1.01
1.00
1.00
1.00
1.00
1.02
1.04
1.04
1.04
1.04
1.05
1.07
1.08
1.07
1.05
1.02
1.03
1.03
1.06
1.07
1.06
1.04
1.03
1.03
1.04
1.07
1.08
1.07
1.06
1.05
1.05
1.06
1.06
1.07
1.08
1.07
1.06
1.04
1.03
1.02
1.02
1.02
1.04
1.06
1.08
1.07
1.07
1.05
1.05
1.05
1.06
1.08
1.10
1.11
1.12
1.12
