0.87
0.90
0.93
0.97
1.02
0.97
0.93
0.97
0.96
0.93
0.90
0.81
0.71
0.42
0.55
0.60
0.74
0.84
0.90
0.89
0.87
0.86
0.85
0.85
0.85
0.87
0.88
0.88
0.88
0.86
0.85
0.87
0.88
0.85
0.82
0.81
0.80
0.77
0.73
0.70
0.71
0.73
0.75
0.76
0.76
0.79
0.80
0.81
0.82
0.75
0.70
0.69
0.69
0.74
0.78
0.80
0.82
0.82
0.82
0.82
0.87
0.86
0.84
0.82
0.81
0.79
0.76
0.80
0.87
0.90
0.93
0.93
0.91
0.84
0.78
0.80
0.84
0.87
0.89
0.90
0.88
0.84
0.83
0.80
0.77
0.77
0.79
0.79
0.79
0.79
0.78
0.84
0.91
0.91
0.90
0.91
0.92
0.90
0.89
0.93
0.97
0.97
0.96
0.96
0.96
0.94
0.93
0.94
0.95
0.95
0.97
1.00
0.76
0.88
1.02
1.01
1.00
1.02
1.06
1.06
0.98
1.06
1.14
1.14
1.11
1.11
1.09
1.07
1.06
1.07
1.08
1.08
1.05
1.02
0.98
0.98
0.99
0.99
0.98
0.97
0.96
0.95
0.94
0.92
0.91
0.93
0.94
0.93
0.92
0.93
0.92
0.90
0.86
0.84
0.81
0.80
0.79
0.78
0.78
0.74
0.70
0.73
0.76
0.80
0.83
0.80
0.79
0.84
0.88
0.88
0.85
0.79
0.75
0.69
0.66
0.67
0.69
0.68
0.67
0.69
0.76
0.75
0.72
0.75
0.79
0.83
0.85
0.82
0.78
0.77
0.80
0.81
0.82
0.82
0.81
0.84
0.86
0.86
0.84
0.85
0.87
0.87
0.88
0.88
0.88
0.88
0.70
0.69
0.73
0.77
0.80
0.88
0.95
0.96
0.96
0.94
0.93
0.88
0.85
0.87
0.89
0.90
0.90
0.94
0.98
0.99
1.00
1.00
0.99
1.03
1.06
0.96
0.97
1.02
1.00
0.99
0.99
0.98
0.98
0.99
1.00
1.00
1.01
0.98
0.85
0.92
0.92
0.91
0.91
0.92
0.93
0.96
0.99
1.02
1.25
1.02
0.98
0.97
0.93
0.80
0.95
0.82
0.71
0.93
0.91
1.09
1.12
0.93
1.00
1.13
1.16
1.16
0.98
0.30
0.58
0.78
0.93
1.02
1.05
1.12
1.12
1.07
1.10
1.11
1.08
1.06
1.05
1.05
1.04
1.05
1.07
1.08
1.09
1.08
1.07
1.05
1.02
0.99
0.98
0.97
0.99
1.01
1.02
1.00
0.98
0.96
0.95
0.95
0.95
0.95
0.96
0.95
0.94
0.94
0.95
0.97
0.98
0.98
0.98
0.99
1.00
0.99
0.96
0.95
0.94
0.93
0.92
0.92
0.92
0.95
0.96
0.94
0.91
0.89
0.88
0.87
0.87
0.91
0.93
0.93
0.92
0.91
0.89
0.87
0.86
0.88
0.90
0.89
0.89
0.90
0.91
0.90
0.89
0.88
0.87
0.87
0.86
0.85
0.85
0.87
0.89
0.85
0.83
0.84
0.86
0.89
0.91
0.88
0.87
0.88
0.90
0.93
0.95
0.96
0.97
0.96
0.95
0.92
0.90
0.90
0.90
0.90
0.90
0.90
0.91
0.92
0.93
0.93
0.92
0.98
1.02
1.00
0.96
0.94
0.95
0.94
0.94
0.95
0.98
1.00
1.01
1.01
1.02
1.03
1.06
1.06
1.09
1.08
1.09
1.11
1.01
0.87
0.76
0.69
0.64
0.62
0.62
0.68
0.72
0.74
0.76
0.65
0.64
0.69
0.74
0.85
0.89
0.86
0.83
0.78
0.74
0.74
0.76
0.74
0.75
0.79
0.85
0.92
0.96
0.19
0.98
0.99
1.00
1.01
1.01
1.02
1.01
1.00
1.00
1.00
0.99
0.98
0.97
0.96
0.94
0.93
0.92
0.92
0.92
0.91
0.90
0.90
0.90
0.91
0.92
0.92
0.92
0.93
0.94
0.92
0.90
0.93
0.95
0.93
0.91
0.91
0.90
0.88
0.86
0.85
0.85
0.83
0.81
0.83
0.84
0.85
0.86
0.88
0.89
0.91
0.91
0.89
0.88
0.84
0.80
0.77
0.76
0.76
0.77
0.82
0.85
0.82
0.80
0.80
0.82
0.87
0.92
0.88
0.85
0.84
0.82
0.78
0.76
0.79
0.81
0.83
0.82
0.82
0.80
0.86
0.91
0.95
0.97
0.94
0.75
0.46
0.17
0.30
0.42
0.57
0.74
0.83
0.83
0.77
0.76
0.84
0.91
0.90
0.90
0.88
0.87
0.92
0.97
0.95
0.93
0.93
0.95
1.00
1.04
1.04
1.03
1.03
1.03
1.06
1.08
1.07
1.05
1.05
1.03
1.04
1.05
0.98
0.85
0.73
0.59
0.32
0.06
0.03
0.04
0.17
0.24
0.07
0.04
0.07
0.02
0.02
0.01
0.03
0.04
0.11
0.09
0.04
0.07
0.11
0.09
0.22
0.23
0.06
0.15
0.12
0.07
0.09
0.05
0.11
0.14
0.01
0.04
0.05
0.06
0.16
0.24
